well_4549	447068.63	2714263.42	8.56	2.0
well_4549	447068.63	2714263.42	6.76	13.0
well_4549	447068.63	2714263.42	2.96	10.0
well_4549	447068.63	2714263.42	-0.64	13.0
well_4549	447068.63	2714263.42	-2.04	10.0
well_4549	447068.63	2714263.42	-4.64	27.0
well_4549	447068.63	2714263.42	-14.84	37.0
well_4549	447068.63	2714263.42	-19.94	38.0
well_4549	447068.63	2714263.42	-26.44	38.0
well_4550	447086.6	2714262.48	8.33	2.0
well_4550	447086.6	2714262.48	7.83	13.0
well_4550	447086.6	2714262.48	3.53	10.0
well_4550	447086.6	2714262.48	-5.27	27.0
well_4550	447086.6	2714262.48	-11.77	37.0
well_4550	447086.6	2714262.48	-17.17	38.0
well_4550	447086.6	2714262.48	-25.17	38.0
well_4551	447104.6	2714261.54	8.47	2.0
well_4551	447104.6	2714261.54	6.27	13.0
well_4551	447104.6	2714261.54	5.17	10.0
well_4551	447104.6	2714261.54	2.87	13.0
well_4551	447104.6	2714261.54	0.97	10.0
well_4551	447104.6	2714261.54	-4.83	27.0
well_4551	447104.6	2714261.54	-11.23	37.0
well_4551	447104.6	2714261.54	-16.13	38.0
well_4551	447104.6	2714261.54	-24.13	38.0
well_4552	447261.36	2714253.32	6.74	2.0
well_4552	447261.36	2714253.32	1.94	6.0
well_4552	447261.36	2714253.32	0.64	10.0
well_4552	447261.36	2714253.32	-1.06	9.0
well_4552	447261.36	2714253.32	-2.56	10.0
well_4552	447261.36	2714253.32	-4.86	27.0
well_4552	447261.36	2714253.32	-24.86	37.0
well_4552	447261.36	2714253.32	-28.16	38.0
well_4552	447261.36	2714253.32	-33.56	38.0
well_4553	447279.34	2714252.38	6.65	2.0
well_4553	447279.34	2714252.38	5.05	13.0
well_4553	447279.34	2714252.38	1.95	6.0
well_4553	447279.34	2714252.38	0.05	10.0
well_4553	447279.34	2714252.38	-5.55	27.0
well_4553	447279.34	2714252.38	-19.55	37.0
well_4553	447279.34	2714252.38	-22.65	38.0
well_4553	447279.34	2714252.38	-30.15	38.0
well_4554	447297.31	2714251.44	6.74	2.0
well_4554	447297.31	2714251.44	4.84	13.0
well_4554	447297.31	2714251.44	2.54	6.0
well_4554	447297.31	2714251.44	1.14	10.0
well_4554	447297.31	2714251.44	-0.56	9.0
well_4554	447297.31	2714251.44	-3.06	10.0
well_4554	447297.31	2714251.44	-5.66	27.0
well_4554	447297.31	2714251.44	-21.96	37.0
well_4554	447297.31	2714251.44	-24.96	38.0
well_4554	447297.31	2714251.44	-27.66	38.0
well_4555	447067.37	2714239.45	7.86	2.0
well_4555	447067.37	2714239.45	2.96	13.0
well_4555	447067.37	2714239.45	2.36	10.0
well_4555	447067.37	2714239.45	1.06	9.0
well_4555	447067.37	2714239.45	0.36	10.0
well_4555	447067.37	2714239.45	-5.94	27.0
well_4555	447067.37	2714239.45	-18.44	37.0
well_4555	447067.37	2714239.45	-23.94	38.0
well_4555	447067.37	2714239.45	-28.84	38.0
well_4556	447103.72	2714245.26	7.97	2.0
well_4556	447103.72	2714245.26	7.47	13.0
well_4556	447103.72	2714245.26	3.07	10.0
well_4556	447103.72	2714245.26	1.47	13.0
well_4556	447103.72	2714245.26	0.47	10.0
well_4556	447103.72	2714245.26	-4.13	27.0
well_4556	447103.72	2714245.26	-15.33	38.0
well_4556	447103.72	2714245.26	-19.13	40.0
well_4556	447103.72	2714245.26	-23.43	40.0
well_4557	447139.62	2714246.38	7.99	2.0
well_4557	447139.62	2714246.38	4.59	13.0
well_4557	447139.62	2714246.38	2.79	10.0
well_4557	447139.62	2714246.38	0.49	27.0
well_4557	447139.62	2714246.38	-6.21	37.0
well_4557	447139.62	2714246.38	-10.11	38.0
well_4557	447139.62	2714246.38	-11.81	40.0
well_4557	447139.62	2714246.38	-15.01	40.0
well_4558	447157.6	2714242.44	7.71	2.0
well_4558	447157.6	2714242.44	6.31	13.0
well_4558	447157.6	2714242.44	2.61	10.0
well_4558	447157.6	2714242.44	0.51	13.0
well_4558	447157.6	2714242.44	-1.59	10.0
well_4558	447157.6	2714242.44	-4.39	27.0
well_4558	447157.6	2714242.44	-10.99	37.0
well_4558	447157.6	2714242.44	-15.49	38.0
well_4558	447157.6	2714242.44	-23.79	38.0
well_4559	447177.62	2714241.39	6.71	2.0
well_4559	447177.62	2714241.39	1.91	6.0
well_4559	447177.62	2714241.39	0.91	10.0
well_4559	447177.62	2714241.39	-0.49	13.0
well_4559	447177.62	2714241.39	-1.79	10.0
well_4559	447177.62	2714241.39	-6.29	27.0
well_4559	447177.62	2714241.39	-12.99	37.0
well_4559	447177.62	2714241.39	-18.79	38.0
well_4559	447177.62	2714241.39	-24.94	38.0
well_4560	447197.57	2714240.34	7.47	2.0
well_4560	447197.57	2714240.34	2.27	6.0
well_4560	447197.57	2714240.34	1.27	13.0
well_4560	447197.57	2714240.34	-0.53	9.0
well_4560	447197.57	2714240.34	-1.73	10.0
well_4560	447197.57	2714240.34	-6.13	27.0
well_4560	447197.57	2714240.34	-10.53	37.0
well_4560	447197.57	2714240.34	-13.33	38.0
well_4560	447197.57	2714240.34	-14.83	40.0
well_4560	447197.57	2714240.34	-18.03	40.0
well_4561	447218.16	2714231.55	6.9	2.0
well_4561	447218.16	2714231.55	2.2	6.0
well_4561	447218.16	2714231.55	0.7	13.0
well_4561	447218.16	2714231.55	-1.7	9.0
well_4561	447218.16	2714231.55	-3.5	10.0
well_4561	447218.16	2714231.55	-5.8	27.0
well_4561	447218.16	2714231.55	-18.2	37.0
well_4561	447218.16	2714231.55	-19.9	38.0
well_4561	447218.16	2714231.55	-25.35	38.0
well_4562	447242.13	2714230.3	6.94	2.0
well_4562	447242.13	2714230.3	3.04	6.0
well_4562	447242.13	2714230.3	0.84	10.0
well_4562	447242.13	2714230.3	-0.66	13.0
well_4562	447242.13	2714230.3	-2.76	10.0
well_4562	447242.13	2714230.3	-5.26	27.0
well_4562	447242.13	2714230.3	-22.96	37.0
well_4562	447242.13	2714230.3	-25.16	38.0
well_4562	447242.13	2714230.3	-31.96	38.0
well_4563	447408.4	2714221.58	6.51	2.0
well_4563	447408.4	2714221.58	4.41	13.0
well_4563	447408.4	2714221.58	1.71	6.0
well_4563	447408.4	2714221.58	-1.39	10.0
well_4563	447408.4	2714221.58	-2.49	9.0
well_4563	447408.4	2714221.58	-3.29	10.0
well_4563	447408.4	2714221.58	-7.39	27.0
well_4563	447408.4	2714221.58	-21.69	37.0
well_4563	447408.4	2714221.58	-35.99	38.0
well_4563	447408.4	2714221.58	-42.89	38.0
well_4564	447419.5	2714221.3	6.38	2.0
well_4564	447419.5	2714221.3	3.68	13.0
well_4564	447419.5	2714221.3	2.28	6.0
well_4564	447419.5	2714221.3	-1.52	10.0
well_4564	447419.5	2714221.3	-2.72	9.0
well_4564	447419.5	2714221.3	-3.32	10.0
well_4564	447419.5	2714221.3	-5.82	27.0
well_4564	447419.5	2714221.3	-22.22	37.0
well_4564	447419.5	2714221.3	-34.22	38.0
well_4564	447419.5	2714221.3	-42.82	38.0
well_4565	447102.69	2714225.63	7.79	4.0
well_4565	447102.69	2714225.63	7.29	13.0
well_4565	447102.69	2714225.63	2.59	10.0
well_4565	447102.69	2714225.63	-3.41	27.0
well_4565	447102.69	2714225.63	-12.01	38.0
well_4565	447102.69	2714225.63	-13.91	40.0
well_4565	447102.69	2714225.63	-17.11	40.0
well_4566	447120.62	2714224.69	8.25	4.0
well_4566	447120.62	2714224.69	7.45	13.0
well_4566	447120.62	2714224.69	1.25	10.0
well_4566	447120.62	2714224.69	-4.05	27.0
well_4566	447120.62	2714224.69	-10.45	37.0
well_4566	447120.62	2714224.69	-12.15	38.0
well_4566	447120.62	2714224.69	-14.45	40.0
well_4566	447120.62	2714224.69	-17.75	40.0
well_4567	447138.6	2714223.75	8.0	2.0
well_4567	447138.6	2714223.75	6.3	13.0
well_4567	447138.6	2714223.75	3.3	10.0
well_4567	447138.6	2714223.75	-4.5	27.0
well_4567	447138.6	2714223.75	-10.1	37.0
well_4567	447138.6	2714223.75	-13.1	38.0
well_4567	447138.6	2714223.75	-15.3	40.0
well_4567	447138.6	2714223.75	-18.6	40.0
well_4568	447156.57	2714222.81	6.61	2.0
well_4568	447156.57	2714222.81	2.81	10.0
well_4568	447156.57	2714222.81	-5.09	27.0
well_4568	447156.57	2714222.81	-16.49	37.0
well_4568	447156.57	2714222.81	-19.19	38.0
well_4568	447156.57	2714222.81	-21.49	40.0
well_4568	447156.57	2714222.81	-25.09	40.0
well_4569	447176.59	2714221.76	7.2	2.0
well_4569	447176.59	2714221.76	2.1	6.0
well_4569	447176.59	2714221.76	1.4	10.0
well_4569	447176.59	2714221.76	-0.5	13.0
well_4569	447176.59	2714221.76	-3.3	10.0
well_4569	447176.59	2714221.76	-5.1	27.0
well_4569	447176.59	2714221.76	-15.4	38.0
well_4569	447176.59	2714221.76	-16.5	40.0
well_4569	447176.59	2714221.76	-19.5	40.0
well_4570	447196.54	2714220.71	7.48	2.0
well_4570	447196.54	2714220.71	3.98	6.0
well_4570	447196.54	2714220.71	1.48	10.0
well_4570	447196.54	2714220.71	-0.32	13.0
well_4570	447196.54	2714220.71	-1.12	10.0
well_4570	447196.54	2714220.71	-4.82	27.0
well_4570	447196.54	2714220.71	-13.12	37.0
well_4570	447196.54	2714220.71	-16.52	38.0
well_4570	447196.54	2714220.71	-22.72	38.0
well_4571	447259.48	2714217.37	6.6	2.0
well_4571	447259.48	2714217.37	3.6	4.0
well_4571	447259.48	2714217.37	2.8	13.0
well_4571	447259.48	2714217.37	2.5	6.0
well_4571	447259.48	2714217.37	0.3	10.0
well_4571	447259.48	2714217.37	-6.2	27.0
well_4571	447259.48	2714217.37	-26.8	37.0
well_4571	447259.48	2714217.37	-28.3	38.0
well_4571	447259.48	2714217.37	-34.5	38.0
well_4572	447277.45	2714216.43	6.62	2.0
well_4572	447277.45	2714216.43	2.02	6.0
well_4572	447277.45	2714216.43	0.52	10.0
well_4572	447277.45	2714216.43	-0.28	9.0
well_4572	447277.45	2714216.43	-0.88	10.0
well_4572	447277.45	2714216.43	-6.28	27.0
well_4572	447277.45	2714216.43	-24.38	37.0
well_4572	447277.45	2714216.43	-26.98	38.0
well_4572	447277.45	2714216.43	-31.78	38.0
well_4573	447295.43	2714215.49	6.66	2.0
well_4573	447295.43	2714215.49	3.66	6.0
well_4573	447295.43	2714215.49	0.66	10.0
well_4573	447295.43	2714215.49	-5.04	27.0
well_4573	447295.43	2714215.49	-21.64	37.0
well_4573	447295.43	2714215.49	-27.54	38.0
well_4573	447295.43	2714215.49	-35.14	38.0
well_4574	447313.4	2714214.54	6.62	2.0
well_4574	447313.4	2714214.54	1.32	6.0
well_4574	447313.4	2714214.54	1.02	10.0
well_4574	447313.4	2714214.54	-6.28	27.0
well_4574	447313.4	2714214.54	-20.58	37.0
well_4574	447313.4	2714214.54	-30.68	38.0
well_4574	447313.4	2714214.54	-36.38	38.0
well_4575	447331.38	2714213.6	5.66	2.0
well_4575	447331.38	2714213.6	3.36	4.0
well_4575	447331.38	2714213.6	2.46	6.0
well_4575	447331.38	2714213.6	-2.14	10.0
well_4575	447331.38	2714213.6	-7.34	27.0
well_4575	447331.38	2714213.6	-22.54	37.0
well_4575	447331.38	2714213.6	-33.14	38.0
well_4575	447331.38	2714213.6	-38.74	38.0
well_4576	447385.3	2714210.78	6.63	2.0
well_4576	447385.3	2714210.78	4.23	13.0
well_4576	447385.3	2714210.78	1.83	6.0
well_4576	447385.3	2714210.78	-0.17	10.0
well_4576	447385.3	2714210.78	-1.27	9.0
well_4576	447385.3	2714210.78	-2.07	10.0
well_4576	447385.3	2714210.78	-5.87	27.0
well_4576	447385.3	2714210.78	-22.17	37.0
well_4576	447385.3	2714210.78	-32.47	38.0
well_4576	447385.3	2714210.78	-38.67	38.0
well_4577	447066.12	2714217.49	8.22	2.0
well_4577	447066.12	2714217.49	6.42	13.0
well_4577	447066.12	2714217.49	1.92	10.0
well_4577	447066.12	2714217.49	-1.18	27.0
well_4577	447066.12	2714217.49	-13.98	37.0
well_4577	447066.12	2714217.49	-20.08	38.0
well_4577	447066.12	2714217.49	-25.48	38.0
well_4578	447084.09	2714216.55	8.02	2.0
well_4578	447084.09	2714216.55	7.32	13.0
well_4578	447084.09	2714216.55	0.62	10.0
well_4578	447084.09	2714216.55	-5.08	27.0
well_4578	447084.09	2714216.55	-15.78	37.0
well_4578	447084.09	2714216.55	-19.18	38.0
well_4578	447084.09	2714216.55	-27.08	38.0
well_4579	447102.09	2714215.6	7.88	4.0
well_4579	447102.09	2714215.6	7.38	13.0
well_4579	447102.09	2714215.6	2.78	10.0
well_4579	447102.09	2714215.6	1.48	13.0
well_4579	447102.09	2714215.6	0.78	10.0
well_4579	447102.09	2714215.6	-4.92	27.0
well_4579	447102.09	2714215.6	-11.92	38.0
well_4579	447102.09	2714215.6	-13.72	40.0
well_4579	447102.09	2714215.6	-16.82	40.0
well_4580	447120.02	2714214.67	7.93	4.0
well_4580	447120.02	2714214.67	7.13	13.0
well_4580	447120.02	2714214.67	2.93	10.0
well_4580	447120.02	2714214.67	-0.27	13.0
well_4580	447120.02	2714214.67	-1.17	10.0
well_4580	447120.02	2714214.67	-4.87	27.0
well_4580	447120.02	2714214.67	-10.57	37.0
well_4580	447120.02	2714214.67	-12.27	38.0
well_4580	447120.02	2714214.67	-14.37	40.0
well_4580	447120.02	2714214.67	-17.37	40.0
well_4581	447137.99	2714213.72	7.39	2.0
well_4581	447137.99	2714213.72	4.69	10.0
well_4581	447137.99	2714213.72	0.39	13.0
well_4581	447137.99	2714213.72	-0.31	10.0
well_4581	447137.99	2714213.72	-4.41	27.0
well_4581	447137.99	2714213.72	-11.41	37.0
well_4581	447137.99	2714213.72	-17.11	38.0
well_4581	447137.99	2714213.72	-18.41	40.0
well_4581	447137.99	2714213.72	-21.01	40.0
well_4582	447155.97	2714212.78	6.97	2.0
well_4582	447155.97	2714212.78	2.37	10.0
well_4582	447155.97	2714212.78	-4.83	27.0
well_4582	447155.97	2714212.78	-12.33	37.0
well_4582	447155.97	2714212.78	-18.03	38.0
well_4582	447155.97	2714212.78	-22.03	38.0
well_4583	447175.99	2714211.73	7.09	2.0
well_4583	447175.99	2714211.73	3.69	6.0
well_4583	447175.99	2714211.73	2.29	10.0
well_4583	447175.99	2714211.73	-5.01	27.0
well_4583	447175.99	2714211.73	-13.81	37.0
well_4583	447175.99	2714211.73	-17.31	38.0
well_4583	447175.99	2714211.73	-21.61	38.0
well_4584	447195.94	2714210.69	7.47	2.0
well_4584	447195.94	2714210.69	3.17	6.0
well_4584	447195.94	2714210.69	1.07	10.0
well_4584	447195.94	2714210.69	-6.83	27.0
well_4584	447195.94	2714210.69	-16.03	37.0
well_4584	447195.94	2714210.69	-19.53	38.0
well_4584	447195.94	2714210.69	-24.93	38.0
well_4585	447216.91	2714209.59	7.38	2.0
well_4585	447216.91	2714209.59	4.08	6.0
well_4585	447216.91	2714209.59	0.98	10.0
well_4585	447216.91	2714209.59	-4.92	27.0
well_4585	447216.91	2714209.59	-16.22	37.0
well_4585	447216.91	2714209.59	-18.12	38.0
well_4585	447216.91	2714209.59	-26.12	38.0
well_4586	447240.88	2714208.33	7.18	2.0
well_4586	447240.88	2714208.33	3.08	6.0
well_4586	447240.88	2714208.33	0.68	10.0
well_4586	447240.88	2714208.33	-5.22	27.0
well_4586	447240.88	2714208.33	-18.52	37.0
well_4586	447240.88	2714208.33	-19.32	38.0
well_4586	447240.88	2714208.33	-25.32	38.0
well_4587	447407.25	2714199.61	6.57	2.0
well_4587	447407.25	2714199.61	3.47	4.0
well_4587	447407.25	2714199.61	2.37	6.0
well_4587	447407.25	2714199.61	-0.13	10.0
well_4587	447407.25	2714199.61	-1.73	9.0
well_4587	447407.25	2714199.61	-2.33	10.0
well_4587	447407.25	2714199.61	-5.63	27.0
well_4587	447407.25	2714199.61	-22.23	37.0
well_4587	447407.25	2714199.61	-34.83	38.0
well_4587	447407.25	2714199.61	-41.93	38.0
well_4588	447418.33	2714198.92	6.47	2.0
well_4588	447418.33	2714198.92	3.87	13.0
well_4588	447418.33	2714198.92	1.97	6.0
well_4588	447418.33	2714198.92	-0.43	10.0
well_4588	447418.33	2714198.92	-1.73	9.0
well_4588	447418.33	2714198.92	-2.63	10.0
well_4588	447418.33	2714198.92	-5.93	27.0
well_4588	447418.33	2714198.92	-22.83	37.0
well_4588	447418.33	2714198.92	-34.33	38.0
well_4588	447418.33	2714198.92	-39.83	38.0
well_4589	447065.17	2714197.51	8.1	13.0
well_4589	447065.17	2714197.51	2.2	9.0
well_4589	447065.17	2714197.51	-2.3	10.0
well_4589	447065.17	2714197.51	-4.3	27.0
well_4589	447065.17	2714197.51	-13.4	38.0
well_4589	447065.17	2714197.51	-20.8	38.0
well_4590	447083.15	2714196.57	7.92	2.0
well_4590	447083.15	2714196.57	5.92	13.0
well_4590	447083.15	2714196.57	3.32	9.0
well_4590	447083.15	2714196.57	-0.88	10.0
well_4590	447083.15	2714196.57	-4.18	27.0
well_4590	447083.15	2714196.57	-16.78	37.0
well_4590	447083.15	2714196.57	-20.88	38.0
well_4590	447083.15	2714196.57	-25.88	38.0
well_4591	447101.15	2714195.63	7.65	2.0
well_4591	447101.15	2714195.63	4.55	13.0
well_4591	447101.15	2714195.63	2.75	10.0
well_4591	447101.15	2714195.63	-5.85	27.0
well_4591	447101.15	2714195.63	-10.55	37.0
well_4591	447101.15	2714195.63	-14.35	38.0
well_4591	447101.15	2714195.63	-21.85	38.0
well_4592	447119.07	2714194.69	7.38	2.0
well_4592	447119.07	2714194.69	3.48	6.0
well_4592	447119.07	2714194.69	2.28	10.0
well_4592	447119.07	2714194.69	-0.72	13.0
well_4592	447119.07	2714194.69	-1.12	10.0
well_4592	447119.07	2714194.69	-4.62	27.0
well_4592	447119.07	2714194.69	-12.62	40.0
well_4592	447119.07	2714194.69	-14.22	40.0
well_4593	447137.05	2714193.75	7.49	2.0
well_4593	447137.05	2714193.75	3.49	13.0
well_4593	447137.05	2714193.75	2.89	6.0
well_4593	447137.05	2714193.75	2.29	10.0
well_4593	447137.05	2714193.75	-4.51	27.0
well_4593	447137.05	2714193.75	-13.11	37.0
well_4593	447137.05	2714193.75	-14.91	38.0
well_4593	447137.05	2714193.75	-16.21	40.0
well_4593	447137.05	2714193.75	-19.11	40.0
well_4594	447155.02	2714192.8	7.58	2.0
well_4594	447155.02	2714192.8	4.58	4.0
well_4594	447155.02	2714192.8	4.08	6.0
well_4594	447155.02	2714192.8	1.58	10.0
well_4594	447155.02	2714192.8	-3.22	27.0
well_4594	447155.02	2714192.8	-17.22	38.0
well_4594	447155.02	2714192.8	-18.62	40.0
well_4594	447155.02	2714192.8	-21.82	40.0
well_4595	447175.05	2714191.75	7.18	2.0
well_4595	447175.05	2714191.75	3.98	6.0
well_4595	447175.05	2714191.75	2.68	10.0
well_4595	447175.05	2714191.75	-5.82	27.0
well_4595	447175.05	2714191.75	-15.42	37.0
well_4595	447175.05	2714191.75	-20.02	38.0
well_4595	447175.05	2714191.75	-23.92	38.0
well_4596	447194.99	2714190.71	7.32	2.0
well_4596	447194.99	2714190.71	3.72	4.0
well_4596	447194.99	2714190.71	3.32	13.0
well_4596	447194.99	2714190.71	2.22	6.0
well_4596	447194.99	2714190.71	0.32	10.0
well_4596	447194.99	2714190.71	-0.98	9.0
well_4596	447194.99	2714190.71	-1.98	10.0
well_4596	447194.99	2714190.71	-5.78	27.0
well_4596	447194.99	2714190.71	-16.68	38.0
well_4596	447194.99	2714190.71	-17.28	40.0
well_4596	447194.99	2714190.71	-20.48	40.0
well_4597	447215.96	2714189.61	7.52	2.0
well_4597	447215.96	2714189.61	3.32	6.0
well_4597	447215.96	2714189.61	0.92	10.0
well_4597	447215.96	2714189.61	-1.58	13.0
well_4597	447215.96	2714189.61	-2.08	10.0
well_4597	447215.96	2714189.61	-5.68	27.0
well_4597	447215.96	2714189.61	-18.88	38.0
well_4597	447215.96	2714189.61	-24.78	38.0
well_4598	447239.93	2714188.35	7.35	4.0
well_4598	447239.93	2714188.35	5.35	2.0
well_4598	447239.93	2714188.35	2.55	13.0
well_4598	447239.93	2714188.35	2.05	6.0
well_4598	447239.93	2714188.35	0.15	10.0
well_4598	447239.93	2714188.35	-1.95	13.0
well_4598	447239.93	2714188.35	-2.95	10.0
well_4598	447239.93	2714188.35	-5.95	27.0
well_4598	447239.93	2714188.35	-18.55	37.0
well_4598	447239.93	2714188.35	-23.15	38.0
well_4598	447239.93	2714188.35	-28.95	38.0
well_4599	447257.91	2714187.41	7.47	2.0
well_4599	447257.91	2714187.41	4.47	4.0
well_4599	447257.91	2714187.41	4.07	13.0
well_4599	447257.91	2714187.41	1.77	6.0
well_4599	447257.91	2714187.41	0.07	10.0
well_4599	447257.91	2714187.41	-2.93	13.0
well_4599	447257.91	2714187.41	-4.13	10.0
well_4599	447257.91	2714187.41	-6.63	27.0
well_4599	447257.91	2714187.41	-21.33	37.0
well_4599	447257.91	2714187.41	-23.03	38.0
well_4599	447257.91	2714187.41	-30.43	38.0
well_4600	447275.88	2714186.47	7.27	2.0
well_4600	447275.88	2714186.47	4.97	4.0
well_4600	447275.88	2714186.47	4.57	6.0
well_4600	447275.88	2714186.47	-0.33	10.0
well_4600	447275.88	2714186.47	-5.93	27.0
well_4600	447275.88	2714186.47	-17.83	37.0
well_4600	447275.88	2714186.47	-22.43	38.0
well_4600	447275.88	2714186.47	-26.43	38.0
well_4601	447293.86	2714185.53	7.05	2.0
well_4601	447293.86	2714185.53	3.05	6.0
well_4601	447293.86	2714185.53	0.55	10.0
well_4601	447293.86	2714185.53	-6.15	27.0
well_4601	447293.86	2714185.53	-18.25	37.0
well_4601	447293.86	2714185.53	-21.55	38.0
well_4601	447293.86	2714185.53	-27.45	38.0
well_4602	447311.83	2714184.59	6.71	2.0
well_4602	447311.83	2714184.59	2.41	6.0
well_4602	447311.83	2714184.59	0.91	10.0
well_4602	447311.83	2714184.59	-6.69	27.0
well_4602	447311.83	2714184.59	-20.19	37.0
well_4602	447311.83	2714184.59	-24.49	38.0
well_4602	447311.83	2714184.59	-31.59	38.0
well_4603	447329.81	2714183.64	6.76	2.0
well_4603	447329.81	2714183.64	2.96	6.0
well_4603	447329.81	2714183.64	-0.44	10.0
well_4603	447329.81	2714183.64	-1.84	9.0
well_4603	447329.81	2714183.64	-2.44	10.0
well_4603	447329.81	2714183.64	-5.64	27.0
well_4603	447329.81	2714183.64	-20.74	37.0
well_4603	447329.81	2714183.64	-29.04	38.0
well_4603	447329.81	2714183.64	-35.74	38.0
well_4604	447347.78	2714182.7	6.69	2.0
well_4604	447347.78	2714182.7	2.59	6.0
well_4604	447347.78	2714182.7	0.09	10.0
well_4604	447347.78	2714182.7	-1.11	13.0
well_4604	447347.78	2714182.7	-1.81	9.0
well_4604	447347.78	2714182.7	-3.11	10.0
well_4604	447347.78	2714182.7	-5.81	27.0
well_4604	447347.78	2714182.7	-20.41	37.0
well_4604	447347.78	2714182.7	-28.51	38.0
well_4604	447347.78	2714182.7	-37.61	38.0
well_4605	447365.76	2714181.76	6.89	2.0
well_4605	447365.76	2714181.76	3.19	6.0
well_4605	447365.76	2714181.76	0.29	10.0
well_4605	447365.76	2714181.76	-1.61	9.0
well_4605	447365.76	2714181.76	-2.21	10.0
well_4605	447365.76	2714181.76	-6.51	27.0
well_4605	447365.76	2714181.76	-20.81	37.0
well_4605	447365.76	2714181.76	-29.91	38.0
well_4605	447365.76	2714181.76	-38.21	38.0
well_4606	447383.73	2714180.82	6.66	2.0
well_4606	447383.73	2714180.82	2.86	6.0
well_4606	447383.73	2714180.82	0.86	10.0
well_4606	447383.73	2714180.82	-1.54	9.0
well_4606	447383.73	2714180.82	-2.24	10.0
well_4606	447383.73	2714180.82	-6.24	27.0
well_4606	447383.73	2714180.82	-21.64	37.0
well_4606	447383.73	2714180.82	-31.94	38.0
well_4606	447383.73	2714180.82	-38.74	38.0
well_4607	447406.2	2714179.64	6.66	2.0
well_4607	447406.2	2714179.64	4.06	13.0
well_4607	447406.2	2714179.64	1.96	6.0
well_4607	447406.2	2714179.64	0.66	10.0
well_4607	447406.2	2714179.64	-0.84	9.0
well_4607	447406.2	2714179.64	-2.34	10.0
well_4607	447406.2	2714179.64	-6.64	27.0
well_4607	447406.2	2714179.64	-20.94	37.0
well_4607	447406.2	2714179.64	-31.54	38.0
well_4607	447406.2	2714179.64	-39.74	38.0
well_4608	447417.29	2714179.06	6.76	2.0
well_4608	447417.29	2714179.06	3.56	13.0
well_4608	447417.29	2714179.06	1.86	6.0
well_4608	447417.29	2714179.06	0.56	10.0
well_4608	447417.29	2714179.06	-0.64	9.0
well_4608	447417.29	2714179.06	-1.94	10.0
well_4608	447417.29	2714179.06	-7.74	27.0
well_4608	447417.29	2714179.06	-19.04	37.0
well_4608	447417.29	2714179.06	-31.04	38.0
well_4608	447417.29	2714179.06	-37.74	38.0
well_4609	447063.92	2714173.55	8.01	2.0
well_4609	447063.92	2714173.55	4.01	13.0
well_4609	447063.92	2714173.55	-2.79	10.0
well_4609	447063.92	2714173.55	-6.69	27.0
well_4609	447063.92	2714173.55	-11.89	37.0
well_4609	447063.92	2714173.55	-17.69	38.0
well_4609	447063.92	2714173.55	-24.69	38.0
well_4610	447085.79	2714172.42	8.19	2.0
well_4610	447085.79	2714172.42	4.09	6.0
well_4610	447085.79	2714172.42	2.59	13.0
well_4610	447085.79	2714172.42	1.79	10.0
well_4610	447085.79	2714172.42	-4.31	13.0
well_4610	447085.79	2714172.42	-4.91	10.0
well_4610	447085.79	2714172.42	-6.01	27.0
well_4610	447085.79	2714172.42	-11.11	37.0
well_4610	447085.79	2714172.42	-18.71	38.0
well_4610	447085.79	2714172.42	-24.71	38.0
well_4611	447103.76	2714171.48	7.95	2.0
well_4611	447103.76	2714171.48	4.05	13.0
well_4611	447103.76	2714171.48	1.85	6.0
well_4611	447103.76	2714171.48	-1.35	10.0
well_4611	447103.76	2714171.48	-6.95	27.0
well_4611	447103.76	2714171.48	-11.95	37.0
well_4611	447103.76	2714171.48	-15.85	38.0
well_4611	447103.76	2714171.48	-23.05	38.0
well_4612	447121.74	2714170.54	7.58	2.0
well_4612	447121.74	2714170.54	2.98	6.0
well_4612	447121.74	2714170.54	0.98	10.0
well_4612	447121.74	2714170.54	-5.82	27.0
well_4612	447121.74	2714170.54	-16.02	37.0
well_4612	447121.74	2714170.54	-21.62	38.0
well_4612	447121.74	2714170.54	-27.32	38.0
well_4613	447139.71	2714169.6	7.71	2.0
well_4613	447139.71	2714169.6	3.91	13.0
well_4613	447139.71	2714169.6	3.31	6.0
well_4613	447139.71	2714169.6	1.41	10.0
well_4613	447139.71	2714169.6	-5.29	27.0
well_4613	447139.71	2714169.6	-18.39	37.0
well_4613	447139.71	2714169.6	-22.09	38.0
well_4613	447139.71	2714169.6	-29.69	38.0
well_4614	447157.69	2714168.66	7.46	2.0
well_4614	447157.69	2714168.66	4.16	4.0
well_4614	447157.69	2714168.66	3.66	13.0
well_4614	447157.69	2714168.66	2.76	6.0
well_4614	447157.69	2714168.66	0.66	10.0
well_4614	447157.69	2714168.66	-3.44	13.0
well_4614	447157.69	2714168.66	-3.94	10.0
well_4614	447157.69	2714168.66	-5.44	27.0
well_4614	447157.69	2714168.66	-16.84	37.0
well_4614	447157.69	2714168.66	-19.64	38.0
well_4614	447157.69	2714168.66	-24.44	38.0
well_4615	447175.66	2714167.71	7.23	2.0
well_4615	447175.66	2714167.71	3.43	6.0
well_4615	447175.66	2714167.71	0.83	10.0
well_4615	447175.66	2714167.71	-0.77	13.0
well_4615	447175.66	2714167.71	-3.47	10.0
well_4615	447175.66	2714167.71	-6.47	27.0
well_4615	447175.66	2714167.71	-15.87	37.0
well_4615	447175.66	2714167.71	-19.37	38.0
well_4615	447175.66	2714167.71	-23.27	38.0
well_4616	447193.64	2714166.77	7.2	2.0
well_4616	447193.64	2714166.77	3.9	4.0
well_4616	447193.64	2714166.77	3.3	13.0
well_4616	447193.64	2714166.77	1.8	6.0
well_4616	447193.64	2714166.77	0.5	10.0
well_4616	447193.64	2714166.77	-2.4	9.0
well_4616	447193.64	2714166.77	-3.6	10.0
well_4616	447193.64	2714166.77	-5.9	27.0
well_4616	447193.64	2714166.77	-15.4	37.0
well_4616	447193.64	2714166.77	-21.2	38.0
well_4616	447193.64	2714166.77	-24.9	38.0
well_4617	447211.61	2714165.83	7.53	2.0
well_4617	447211.61	2714165.83	2.73	4.0
well_4617	447211.61	2714165.83	2.03	13.0
well_4617	447211.61	2714165.83	1.13	6.0
well_4617	447211.61	2714165.83	0.33	10.0
well_4617	447211.61	2714165.83	-6.07	27.0
well_4617	447211.61	2714165.83	-14.77	37.0
well_4617	447211.61	2714165.83	-21.67	38.0
well_4617	447211.61	2714165.83	-22.67	38.0
well_4618	447229.59	2714164.89	7.34	2.0
well_4618	447229.59	2714164.89	3.04	6.0
well_4618	447229.59	2714164.89	-0.56	10.0
well_4618	447229.59	2714164.89	-5.96	27.0
well_4618	447229.59	2714164.89	-19.46	37.0
well_4618	447229.59	2714164.89	-21.86	38.0
well_4618	447229.59	2714164.89	-27.26	38.0
well_4619	447238.83	2714167.38	7.41	2.0
well_4619	447238.83	2714167.38	2.91	4.0
well_4619	447238.83	2714167.38	2.41	6.0
well_4619	447238.83	2714167.38	1.71	10.0
well_4619	447238.83	2714167.38	-5.59	27.0
well_4619	447238.83	2714167.38	-21.49	37.0
well_4619	447238.83	2714167.38	-23.19	38.0
well_4619	447238.83	2714167.38	-26.39	38.0
well_4620	447250.82	2714166.75	7.43	2.0
well_4620	447250.82	2714166.75	2.53	4.0
well_4620	447250.82	2714166.75	1.63	10.0
well_4620	447250.82	2714166.75	-6.07	27.0
well_4620	447250.82	2714166.75	-16.67	37.0
well_4620	447250.82	2714166.75	-23.07	38.0
well_4620	447250.82	2714166.75	-27.27	38.0
well_4621	447262.8	2714166.13	7.47	2.0
well_4621	447262.8	2714166.13	2.27	4.0
well_4621	447262.8	2714166.13	1.97	6.0
well_4621	447262.8	2714166.13	0.37	10.0
well_4621	447262.8	2714166.13	-5.93	27.0
well_4621	447262.8	2714166.13	-15.33	37.0
well_4621	447262.8	2714166.13	-24.33	38.0
well_4621	447262.8	2714166.13	-31.73	38.0
well_4622	447274.78	2714165.5	7.27	2.0
well_4622	447274.78	2714165.5	2.27	6.0
well_4622	447274.78	2714165.5	1.57	10.0
well_4622	447274.78	2714165.5	0.07	13.0
well_4622	447274.78	2714165.5	-2.83	10.0
well_4622	447274.78	2714165.5	-6.33	27.0
well_4622	447274.78	2714165.5	-14.93	37.0
well_4622	447274.78	2714165.5	-18.63	38.0
well_4622	447274.78	2714165.5	-25.23	38.0
well_4623	447286.77	2714164.87	7.28	2.0
well_4623	447286.77	2714164.87	2.98	4.0
well_4623	447286.77	2714164.87	2.58	6.0
well_4623	447286.77	2714164.87	1.48	10.0
well_4623	447286.77	2714164.87	-0.32	13.0
well_4623	447286.77	2714164.87	-3.12	10.0
well_4623	447286.77	2714164.87	-6.12	27.0
well_4623	447286.77	2714164.87	-18.02	37.0
well_4623	447286.77	2714164.87	-19.72	38.0
well_4623	447286.77	2714164.87	-27.52	38.0
well_4624	447298.75	2714164.24	7.37	2.0
well_4624	447298.75	2714164.24	2.87	4.0
well_4624	447298.75	2714164.24	2.17	6.0
well_4624	447298.75	2714164.24	1.17	10.0
well_4624	447298.75	2714164.24	-1.43	13.0
well_4624	447298.75	2714164.24	-2.33	9.0
well_4624	447298.75	2714164.24	-2.88	10.0
well_4624	447298.75	2714164.24	-5.83	27.0
well_4624	447298.75	2714164.24	-16.73	37.0
well_4624	447298.75	2714164.24	-20.23	38.0
well_4624	447298.75	2714164.24	-28.33	38.0
well_4625	447310.73	2714163.61	7.18	2.0
well_4625	447310.73	2714163.61	2.48	4.0
well_4625	447310.73	2714163.61	2.08	6.0
well_4625	447310.73	2714163.61	1.48	10.0
well_4625	447310.73	2714163.61	-1.52	13.0
well_4625	447310.73	2714163.61	-2.72	10.0
well_4625	447310.73	2714163.61	-6.42	27.0
well_4625	447310.73	2714163.61	-21.22	37.0
well_4625	447310.73	2714163.61	-25.02	38.0
well_4625	447310.73	2714163.61	-31.22	38.0
well_4626	447322.72	2714162.99	7.26	2.0
well_4626	447322.72	2714162.99	4.66	4.0
well_4626	447322.72	2714162.99	4.26	13.0
well_4626	447322.72	2714162.99	2.96	6.0
well_4626	447322.72	2714162.99	0.26	10.0
well_4626	447322.72	2714162.99	-1.84	13.0
well_4626	447322.72	2714162.99	-2.54	10.0
well_4626	447322.72	2714162.99	-6.14	27.0
well_4626	447322.72	2714162.99	-21.04	37.0
well_4626	447322.72	2714162.99	-28.04	38.0
well_4626	447322.72	2714162.99	-35.14	38.0
well_4627	447334.7	2714162.36	6.99	2.0
well_4627	447334.7	2714162.36	1.89	4.0
well_4627	447334.7	2714162.36	1.49	6.0
well_4627	447334.7	2714162.36	-0.21	10.0
well_4627	447334.7	2714162.36	-1.11	13.0
well_4627	447334.7	2714162.36	-1.71	10.0
well_4627	447334.7	2714162.36	-6.01	27.0
well_4627	447334.7	2714162.36	-24.81	37.0
well_4627	447334.7	2714162.36	-29.51	38.0
well_4627	447334.7	2714162.36	-35.31	38.0
well_4628	447346.68	2714161.73	7.13	2.0
well_4628	447346.68	2714161.73	4.43	4.0
well_4628	447346.68	2714161.73	4.03	13.0
well_4628	447346.68	2714161.73	3.33	6.0
well_4628	447346.68	2714161.73	1.43	10.0
well_4628	447346.68	2714161.73	-6.37	27.0
well_4628	447346.68	2714161.73	-22.77	37.0
well_4628	447346.68	2714161.73	-30.57	38.0
well_4628	447346.68	2714161.73	-38.47	38.0
well_4629	447359.2	2714161.68	7.52	2.0
well_4629	447359.2	2714161.68	4.32	13.0
well_4629	447359.2	2714161.68	3.02	6.0
well_4629	447359.2	2714161.68	0.42	10.0
well_4629	447359.2	2714161.68	-1.08	13.0
well_4629	447359.2	2714161.68	-1.68	9.0
well_4629	447359.2	2714161.68	-2.58	10.0
well_4629	447359.2	2714161.68	-5.68	27.0
well_4629	447359.2	2714161.68	-20.18	37.0
well_4629	447359.2	2714161.68	-28.28	38.0
well_4629	447359.2	2714161.68	-36.98	38.0
well_4630	447364.69	2714161.39	7.18	2.0
well_4630	447364.69	2714161.39	2.78	6.0
well_4630	447364.69	2714161.39	1.08	10.0
well_4630	447364.69	2714161.39	-0.32	13.0
well_4630	447364.69	2714161.39	-0.82	9.0
well_4630	447364.69	2714161.39	-2.12	10.0
well_4630	447364.69	2714161.39	-6.22	27.0
well_4630	447364.69	2714161.39	-20.02	37.0
well_4630	447364.69	2714161.39	-27.32	38.0
well_4630	447364.69	2714161.39	-34.32	38.0
well_4631	447382.67	2714160.45	7.17	2.0
well_4631	447382.67	2714160.45	3.97	13.0
well_4631	447382.67	2714160.45	2.97	6.0
well_4631	447382.67	2714160.45	1.87	10.0
well_4631	447382.67	2714160.45	-1.43	13.0
well_4631	447382.67	2714160.45	-2.03	9.0
well_4631	447382.67	2714160.45	-3.53	10.0
well_4631	447382.67	2714160.45	-5.93	27.0
well_4631	447382.67	2714160.45	-20.03	37.0
well_4631	447382.67	2714160.45	-28.03	38.0
well_4631	447382.67	2714160.45	-36.53	38.0
well_4632	447400.64	2714159.5	6.93	2.0
well_4632	447400.64	2714159.5	3.13	13.0
well_4632	447400.64	2714159.5	2.63	6.0
well_4632	447400.64	2714159.5	1.33	10.0
well_4632	447400.64	2714159.5	-0.87	9.0
well_4632	447400.64	2714159.5	-2.77	10.0
well_4632	447400.64	2714159.5	-6.87	27.0
well_4632	447400.64	2714159.5	-20.27	37.0
well_4632	447400.64	2714159.5	-29.77	38.0
well_4632	447400.64	2714159.5	-36.17	38.0
well_4633	447416.22	2714158.69	7.02	2.0
well_4633	447416.22	2714158.69	3.52	13.0
well_4633	447416.22	2714158.69	0.92	6.0
well_4633	447416.22	2714158.69	-0.18	10.0
well_4633	447416.22	2714158.69	-1.48	13.0
well_4633	447416.22	2714158.69	-2.48	10.0
well_4633	447416.22	2714158.69	-7.68	27.0
well_4633	447416.22	2714158.69	-18.28	37.0
well_4633	447416.22	2714158.69	-29.28	38.0
well_4633	447416.22	2714158.69	-36.48	38.0
well_4634	447063.13	2714158.57	8.97	2.0
well_4634	447063.13	2714158.57	4.77	6.0
well_4634	447063.13	2714158.57	1.67	13.0
well_4634	447063.13	2714158.57	0.97	10.0
well_4634	447063.13	2714158.57	-1.93	13.0
well_4634	447063.13	2714158.57	-2.83	10.0
well_4634	447063.13	2714158.57	-5.83	27.0
well_4634	447063.13	2714158.57	-10.63	37.0
well_4634	447063.13	2714158.57	-16.03	38.0
well_4634	447063.13	2714158.57	-23.83	38.0
well_4635	447085.1	2714157.41	8.71	2.0
well_4635	447085.1	2714157.41	4.61	6.0
well_4635	447085.1	2714157.41	2.31	10.0
well_4635	447085.1	2714157.41	-0.99	13.0
well_4635	447085.1	2714157.41	-2.29	10.0
well_4635	447085.1	2714157.41	-4.89	27.0
well_4635	447085.1	2714157.41	-14.89	37.0
well_4635	447085.1	2714157.41	-16.19	40.0
well_4635	447085.1	2714157.41	-19.59	40.0
well_4636	447103.08	2714156.47	8.21	2.0
well_4636	447103.08	2714156.47	4.71	6.0
well_4636	447103.08	2714156.47	1.51	10.0
well_4636	447103.08	2714156.47	-3.29	13.0
well_4636	447103.08	2714156.47	-3.99	10.0
well_4636	447103.08	2714156.47	-5.49	27.0
well_4636	447103.08	2714156.47	-11.79	37.0
well_4636	447103.08	2714156.47	-17.49	38.0
well_4636	447103.08	2714156.47	-25.29	38.0
well_4637	447121.05	2714155.53	7.95	2.0
well_4637	447121.05	2714155.53	3.75	6.0
well_4637	447121.05	2714155.53	1.55	10.0
well_4637	447121.05	2714155.53	-0.55	13.0
well_4637	447121.05	2714155.53	-1.55	10.0
well_4637	447121.05	2714155.53	-5.05	27.0
well_4637	447121.05	2714155.53	-13.65	37.0
well_4637	447121.05	2714155.53	-19.35	38.0
well_4637	447121.05	2714155.53	-24.95	38.0
well_4638	447139.03	2714154.59	7.76	2.0
well_4638	447139.03	2714154.59	3.76	6.0
well_4638	447139.03	2714154.59	1.56	10.0
well_4638	447139.03	2714154.59	-0.24	13.0
well_4638	447139.03	2714154.59	-1.74	10.0
well_4638	447139.03	2714154.59	-5.54	27.0
well_4638	447139.03	2714154.59	-14.74	37.0
well_4638	447139.03	2714154.59	-18.54	38.0
well_4638	447139.03	2714154.59	-26.14	38.0
well_4639	447157.0	2714153.65	7.57	2.0
well_4639	447157.0	2714153.65	4.47	4.0
well_4639	447157.0	2714153.65	3.97	13.0
well_4639	447157.0	2714153.65	2.17	6.0
well_4639	447157.0	2714153.65	1.67	10.0
well_4639	447157.0	2714153.65	-5.83	27.0
well_4639	447157.0	2714153.65	-15.93	37.0
well_4639	447157.0	2714153.65	-16.43	38.0
well_4639	447157.0	2714153.65	-17.63	38.0
well_4640	447174.98	2714152.7	7.25	2.0
well_4640	447174.98	2714152.7	4.65	6.0
well_4640	447174.98	2714152.7	1.45	10.0
well_4640	447174.98	2714152.7	-5.95	27.0
well_4640	447174.98	2714152.7	-16.65	37.0
well_4640	447174.98	2714152.7	-20.35	38.0
well_4640	447174.98	2714152.7	-24.25	38.0
well_4641	447192.95	2714151.76	7.38	2.0
well_4641	447192.95	2714151.76	3.48	4.0
well_4641	447192.95	2714151.76	2.88	6.0
well_4641	447192.95	2714151.76	0.98	10.0
well_4641	447192.95	2714151.76	-0.02	13.0
well_4641	447192.95	2714151.76	-1.52	9.0
well_4641	447192.95	2714151.76	-3.02	10.0
well_4641	447192.95	2714151.76	-6.22	27.0
well_4641	447192.95	2714151.76	-18.42	37.0
well_4641	447192.95	2714151.76	-23.62	38.0
well_4641	447192.95	2714151.76	-26.42	38.0
well_4642	447210.93	2714150.82	7.49	2.0
well_4642	447210.93	2714150.82	3.99	4.0
well_4642	447210.93	2714150.82	3.59	13.0
well_4642	447210.93	2714150.82	3.09	6.0
well_4642	447210.93	2714150.82	1.19	10.0
well_4642	447210.93	2714150.82	-3.01	9.0
well_4642	447210.93	2714150.82	-4.31	10.0
well_4642	447210.93	2714150.82	-6.31	27.0
well_4642	447210.93	2714150.82	-14.91	37.0
well_4642	447210.93	2714150.82	-25.61	38.0
well_4642	447210.93	2714150.82	-26.91	38.0
well_4643	447228.9	2714149.88	7.51	2.0
well_4643	447228.9	2714149.88	2.61	6.0
well_4643	447228.9	2714149.88	2.01	10.0
well_4643	447228.9	2714149.88	-5.89	27.0
well_4643	447228.9	2714149.88	-15.19	37.0
well_4643	447228.9	2714149.88	-24.19	38.0
well_4643	447228.9	2714149.88	-24.99	38.0
well_4644	447238.2	2714155.4	7.34	2.0
well_4644	447238.2	2714155.4	2.54	4.0
well_4644	447238.2	2714155.4	1.94	13.0
well_4644	447238.2	2714155.4	1.24	6.0
well_4644	447238.2	2714155.4	0.54	10.0
well_4644	447238.2	2714155.4	-7.06	27.0
well_4644	447238.2	2714155.4	-18.16	37.0
well_4644	447238.2	2714155.4	-21.26	38.0
well_4644	447238.2	2714155.4	-22.16	38.0
well_4645	447250.12	2714154.77	7.44	2.0
well_4645	447250.12	2714154.77	2.44	4.0
well_4645	447250.12	2714154.77	1.84	6.0
well_4645	447250.12	2714154.77	-0.06	10.0
well_4645	447250.12	2714154.77	-5.66	27.0
well_4645	447250.12	2714154.77	-20.66	37.0
well_4645	447250.12	2714154.77	-24.16	38.0
well_4645	447250.12	2714154.77	-27.96	38.0
well_4646	447262.17	2714154.14	7.68	2.0
well_4646	447262.17	2714154.14	2.78	4.0
well_4646	447262.17	2714154.14	2.18	6.0
well_4646	447262.17	2714154.14	0.58	10.0
well_4646	447262.17	2714154.14	-0.22	13.0
well_4646	447262.17	2714154.14	-1.32	10.0
well_4646	447262.17	2714154.14	-5.72	27.0
well_4646	447262.17	2714154.14	-12.82	37.0
well_4646	447262.17	2714154.14	-22.12	38.0
well_4646	447262.17	2714154.14	-29.62	38.0
well_4647	447274.09	2714153.52	7.43	2.0
well_4647	447274.09	2714153.52	2.73	4.0
well_4647	447274.09	2714153.52	2.33	6.0
well_4647	447274.09	2714153.52	-0.17	10.0
well_4647	447274.09	2714153.52	-0.87	13.0
well_4647	447274.09	2714153.52	-1.97	10.0
well_4647	447274.09	2714153.52	-6.37	27.0
well_4647	447274.09	2714153.52	-15.07	37.0
well_4647	447274.09	2714153.52	-18.47	38.0
well_4647	447274.09	2714153.52	-26.67	38.0
well_4648	447286.14	2714152.89	7.34	2.0
well_4648	447286.14	2714152.89	2.04	4.0
well_4648	447286.14	2714152.89	1.54	6.0
well_4648	447286.14	2714152.89	-0.46	13.0
well_4648	447286.14	2714152.89	-1.86	9.0
well_4648	447286.14	2714152.89	-2.36	10.0
well_4648	447286.14	2714152.89	-5.36	27.0
well_4648	447286.14	2714152.89	-13.16	37.0
well_4648	447286.14	2714152.89	-19.16	38.0
well_4648	447286.14	2714152.89	-25.36	38.0
well_4649	447298.12	2714152.26	7.33	2.0
well_4649	447298.12	2714152.26	4.83	4.0
well_4649	447298.12	2714152.26	4.43	6.0
well_4649	447298.12	2714152.26	1.63	10.0
well_4649	447298.12	2714152.26	0.53	13.0
well_4649	447298.12	2714152.26	-0.47	9.0
well_4649	447298.12	2714152.26	-1.27	10.0
well_4649	447298.12	2714152.26	-7.17	27.0
well_4649	447298.12	2714152.26	-14.77	37.0
well_4649	447298.12	2714152.26	-17.27	38.0
well_4649	447298.12	2714152.26	-25.27	38.0
well_4650	447310.16	2714151.63	7.31	2.0
well_4650	447310.16	2714151.63	2.61	4.0
well_4650	447310.16	2714151.63	2.21	6.0
well_4650	447310.16	2714151.63	0.61	10.0
well_4650	447310.16	2714151.63	-5.19	27.0
well_4650	447310.16	2714151.63	-18.89	37.0
well_4650	447310.16	2714151.63	-23.99	38.0
well_4650	447310.16	2714151.63	-30.09	38.0
well_4651	447322.09	2714151.0	7.49	2.0
well_4651	447322.09	2714151.0	3.19	4.0
well_4651	447322.09	2714151.0	2.69	6.0
well_4651	447322.09	2714151.0	0.79	10.0
well_4651	447322.09	2714151.0	-2.11	13.0
well_4651	447322.09	2714151.0	-3.51	10.0
well_4651	447322.09	2714151.0	-5.71	27.0
well_4651	447322.09	2714151.0	-21.91	37.0
well_4651	447322.09	2714151.0	-27.21	38.0
well_4651	447322.09	2714151.0	-35.51	38.0
well_4652	447334.07	2714150.37	7.39	2.0
well_4652	447334.07	2714150.37	5.09	4.0
well_4652	447334.07	2714150.37	4.59	6.0
well_4652	447334.07	2714150.37	1.59	10.0
well_4652	447334.07	2714150.37	-1.71	13.0
well_4652	447334.07	2714150.37	-2.41	10.0
well_4652	447334.07	2714150.37	-6.81	27.0
well_4652	447334.07	2714150.37	-21.71	37.0
well_4652	447334.07	2714150.37	-27.81	38.0
well_4652	447334.07	2714150.37	-35.71	38.0
well_4653	447346.06	2714149.75	7.11	2.0
well_4653	447346.06	2714149.75	5.01	4.0
well_4653	447346.06	2714149.75	4.31	10.0
well_4653	447346.06	2714149.75	-1.89	9.0
well_4653	447346.06	2714149.75	-2.39	10.0
well_4653	447346.06	2714149.75	-6.49	27.0
well_4653	447346.06	2714149.75	-22.99	37.0
well_4653	447346.06	2714149.75	-26.59	38.0
well_4653	447346.06	2714149.75	-32.09	38.0
well_4654	447355.04	2714149.28	7.22	2.0
well_4654	447355.04	2714149.28	4.72	4.0
well_4654	447355.04	2714149.28	4.02	10.0
well_4654	447355.04	2714149.28	-0.98	13.0
well_4654	447355.04	2714149.28	-2.08	9.0
well_4654	447355.04	2714149.28	-3.08	10.0
well_4654	447355.04	2714149.28	-6.38	27.0
well_4654	447355.04	2714149.28	-21.38	37.0
well_4654	447355.04	2714149.28	-27.98	38.0
well_4654	447355.04	2714149.28	-36.28	38.0
well_4655	447363.81	2714144.61	7.28	2.0
well_4655	447363.81	2714144.61	4.18	6.0
well_4655	447363.81	2714144.61	1.08	10.0
well_4655	447363.81	2714144.61	0.58	9.0
well_4655	447363.81	2714144.61	-2.22	10.0
well_4655	447363.81	2714144.61	-7.92	27.0
well_4655	447363.81	2714144.61	-20.52	37.0
well_4655	447363.81	2714144.61	-26.22	38.0
well_4655	447363.81	2714144.61	-31.62	38.0
well_4656	447381.79	2714143.67	8.23	2.0
well_4656	447381.79	2714143.67	4.93	13.0
well_4656	447381.79	2714143.67	2.53	6.0
well_4656	447381.79	2714143.67	1.43	10.0
well_4656	447381.79	2714143.67	-5.87	27.0
well_4656	447381.79	2714143.67	-18.07	37.0
well_4656	447381.79	2714143.67	-22.27	38.0
well_4656	447381.79	2714143.67	-30.87	38.0
well_4657	447399.76	2714142.73	7.55	2.0
well_4657	447399.76	2714142.73	2.95	13.0
well_4657	447399.76	2714142.73	2.45	6.0
well_4657	447399.76	2714142.73	0.35	10.0
well_4657	447399.76	2714142.73	-1.15	13.0
well_4657	447399.76	2714142.73	-1.85	10.0
well_4657	447399.76	2714142.73	-6.75	27.0
well_4657	447399.76	2714142.73	-19.25	37.0
well_4657	447399.76	2714142.73	-24.55	38.0
well_4657	447399.76	2714142.73	-30.45	38.0
well_4658	447415.35	2714142.11	7.72	2.0
well_4658	447415.35	2714142.11	0.42	10.0
well_4658	447415.35	2714142.11	-1.48	9.0
well_4658	447415.35	2714142.11	-1.98	10.0
well_4658	447415.35	2714142.11	-6.78	27.0
well_4658	447415.35	2714142.11	-18.58	37.0
well_4658	447415.35	2714142.11	-25.68	38.0
well_4658	447415.35	2714142.11	-32.58	38.0
well_4659	447062.35	2714143.59	8.75	2.0
well_4659	447062.35	2714143.59	2.45	6.0
well_4659	447062.35	2714143.59	1.85	10.0
well_4659	447062.35	2714143.59	-0.35	13.0
well_4659	447062.35	2714143.59	-1.35	10.0
well_4659	447062.35	2714143.59	-6.25	27.0
well_4659	447062.35	2714143.59	-11.45	37.0
well_4659	447062.35	2714143.59	-13.25	38.0
well_4659	447062.35	2714143.59	-14.25	40.0
well_4659	447062.35	2714143.59	-17.45	40.0
well_4660	447084.32	2714142.44	8.68	2.0
well_4660	447084.32	2714142.44	2.38	6.0
well_4660	447084.32	2714142.44	1.38	10.0
well_4660	447084.32	2714142.44	0.58	13.0
well_4660	447084.32	2714142.44	-1.82	10.0
well_4660	447084.32	2714142.44	-5.52	27.0
well_4660	447084.32	2714142.44	-13.42	37.0
well_4660	447084.32	2714142.44	-17.32	38.0
well_4660	447084.32	2714142.44	-22.82	38.0
well_4661	447102.29	2714141.49	8.09	2.0
well_4661	447102.29	2714141.49	4.09	6.0
well_4661	447102.29	2714141.49	1.39	10.0
well_4661	447102.29	2714141.49	-0.01	13.0
well_4661	447102.29	2714141.49	-1.21	10.0
well_4661	447102.29	2714141.49	-5.51	27.0
well_4661	447102.29	2714141.49	-14.61	37.0
well_4661	447102.29	2714141.49	-20.31	38.0
well_4661	447102.29	2714141.49	-27.81	38.0
well_4662	447120.27	2714140.55	7.93	2.0
well_4662	447120.27	2714140.55	4.93	6.0
well_4662	447120.27	2714140.55	1.73	10.0
well_4662	447120.27	2714140.55	-0.77	13.0
well_4662	447120.27	2714140.55	-2.07	10.0
well_4662	447120.27	2714140.55	-5.37	27.0
well_4662	447120.27	2714140.55	-14.17	37.0
well_4662	447120.27	2714140.55	-18.07	38.0
well_4662	447120.27	2714140.55	-22.67	38.0
well_4663	447138.24	2714139.61	7.89	2.0
well_4663	447138.24	2714139.61	4.49	6.0
well_4663	447138.24	2714139.61	2.49	10.0
well_4663	447138.24	2714139.61	-0.11	13.0
well_4663	447138.24	2714139.61	-1.11	10.0
well_4663	447138.24	2714139.61	-5.31	27.0
well_4663	447138.24	2714139.61	-14.81	37.0
well_4663	447138.24	2714139.61	-18.61	38.0
well_4663	447138.24	2714139.61	-19.81	40.0
well_4663	447138.24	2714139.61	-21.01	40.0
well_4664	447156.22	2714138.67	7.68	2.0
well_4664	447156.22	2714138.67	3.68	4.0
well_4664	447156.22	2714138.67	3.28	13.0
well_4664	447156.22	2714138.67	2.18	6.0
well_4664	447156.22	2714138.67	0.78	10.0
well_4664	447156.22	2714138.67	0.08	13.0
well_4664	447156.22	2714138.67	-1.22	10.0
well_4664	447156.22	2714138.67	-6.12	27.0
well_4664	447156.22	2714138.67	-16.82	37.0
well_4664	447156.22	2714138.67	-18.52	38.0
well_4664	447156.22	2714138.67	-19.22	38.0
well_4665	447174.19	2714137.72	7.57	2.0
well_4665	447174.19	2714137.72	1.77	6.0
well_4665	447174.19	2714137.72	0.17	10.0
well_4665	447174.19	2714137.72	-1.03	9.0
well_4665	447174.19	2714137.72	-2.93	10.0
well_4665	447174.19	2714137.72	-8.43	27.0
well_4665	447174.19	2714137.72	-14.73	37.0
well_4665	447174.19	2714137.72	-23.23	38.0
well_4665	447174.19	2714137.72	-26.63	38.0
well_4666	447192.17	2714136.78	7.57	2.0
well_4666	447192.17	2714136.78	3.17	4.0
well_4666	447192.17	2714136.78	2.57	6.0
well_4666	447192.17	2714136.78	1.17	10.0
well_4666	447192.17	2714136.78	-1.63	9.0
well_4666	447192.17	2714136.78	-2.83	10.0
well_4666	447192.17	2714136.78	-6.53	27.0
well_4666	447192.17	2714136.78	-18.33	37.0
well_4666	447192.17	2714136.78	-24.33	38.0
well_4666	447192.17	2714136.78	-29.53	38.0
well_4667	447210.14	2714135.84	7.77	2.0
well_4667	447210.14	2714135.84	4.37	4.0
well_4667	447210.14	2714135.84	3.87	6.0
well_4667	447210.14	2714135.84	1.57	10.0
well_4667	447210.14	2714135.84	0.47	13.0
well_4667	447210.14	2714135.84	-1.03	10.0
well_4667	447210.14	2714135.84	-5.83	27.0
well_4667	447210.14	2714135.84	-14.93	37.0
well_4667	447210.14	2714135.84	-26.23	38.0
well_4667	447210.14	2714135.84	-27.63	38.0
well_4668	447228.12	2714134.9	7.66	2.0
well_4668	447228.12	2714134.9	3.16	4.0
well_4668	447228.12	2714134.9	2.56	13.0
well_4668	447228.12	2714134.9	1.46	6.0
well_4668	447228.12	2714134.9	0.26	10.0
well_4668	447228.12	2714134.9	-0.34	13.0
well_4668	447228.12	2714134.9	-1.54	10.0
well_4668	447228.12	2714134.9	-6.44	27.0
well_4668	447228.12	2714134.9	-15.24	37.0
well_4668	447228.12	2714134.9	-26.24	38.0
well_4668	447228.12	2714134.9	-27.64	38.0
well_4669	447243.1	2714134.11	7.46	2.0
well_4669	447243.1	2714134.11	2.76	4.0
well_4669	447243.1	2714134.11	2.36	6.0
well_4669	447243.1	2714134.11	-0.04	10.0
well_4669	447243.1	2714134.11	-6.14	27.0
well_4669	447243.1	2714134.11	-19.04	37.0
well_4669	447243.1	2714134.11	-26.14	38.0
well_4669	447243.1	2714134.11	-28.24	38.0
well_4670	447261.07	2714133.17	7.79	2.0
well_4670	447261.07	2714133.17	3.69	4.0
well_4670	447261.07	2714133.17	3.29	13.0
well_4670	447261.07	2714133.17	2.59	6.0
well_4670	447261.07	2714133.17	0.59	10.0
well_4670	447261.07	2714133.17	0.09	13.0
well_4670	447261.07	2714133.17	-1.71	10.0
well_4670	447261.07	2714133.17	-6.91	27.0
well_4670	447261.07	2714133.17	-21.31	37.0
well_4670	447261.07	2714133.17	-24.01	38.0
well_4670	447261.07	2714133.17	-24.41	40.0
well_4670	447261.07	2714133.17	-27.61	40.0
well_4671	447279.05	2714132.23	7.78	2.0
well_4671	447279.05	2714132.23	3.28	4.0
well_4671	447279.05	2714132.23	2.58	6.0
well_4671	447279.05	2714132.23	1.58	10.0
well_4671	447279.05	2714132.23	0.88	13.0
well_4671	447279.05	2714132.23	-1.92	10.0
well_4671	447279.05	2714132.23	-5.92	27.0
well_4671	447279.05	2714132.23	-20.12	37.0
well_4671	447279.05	2714132.23	-20.52	38.0
well_4671	447279.05	2714132.23	-26.02	38.0
well_4672	447297.02	2714131.29	7.66	2.0
well_4672	447297.02	2714131.29	2.46	6.0
well_4672	447297.02	2714131.29	1.46	10.0
well_4672	447297.02	2714131.29	-0.44	13.0
well_4672	447297.02	2714131.29	-1.34	9.0
well_4672	447297.02	2714131.29	-3.64	10.0
well_4672	447297.02	2714131.29	-5.54	27.0
well_4672	447297.02	2714131.29	-19.84	37.0
well_4672	447297.02	2714131.29	-20.74	38.0
well_4672	447297.02	2714131.29	-26.14	38.0
well_4673	447315.0	2714130.35	7.33	2.0
well_4673	447315.0	2714130.35	3.73	4.0
well_4673	447315.0	2714130.35	3.33	6.0
well_4673	447315.0	2714130.35	2.23	10.0
well_4673	447315.0	2714130.35	-0.57	13.0
well_4673	447315.0	2714130.35	-2.47	10.0
well_4673	447315.0	2714130.35	-6.27	27.0
well_4673	447315.0	2714130.35	-21.77	37.0
well_4673	447315.0	2714130.35	-23.17	38.0
well_4673	447315.0	2714130.35	-31.47	38.0
well_4674	447332.97	2714129.4	7.31	2.0
well_4674	447332.97	2714129.4	2.61	13.0
well_4674	447332.97	2714129.4	1.41	10.0
well_4674	447332.97	2714129.4	0.81	13.0
well_4674	447332.97	2714129.4	-0.79	9.0
well_4674	447332.97	2714129.4	-2.39	10.0
well_4674	447332.97	2714129.4	-6.19	27.0
well_4674	447332.97	2714129.4	-21.79	37.0
well_4674	447332.97	2714129.4	-23.59	38.0
well_4674	447332.97	2714129.4	-30.29	38.0
well_4675	447353.95	2714128.3	7.41	2.0
well_4675	447353.95	2714128.3	3.81	4.0
well_4675	447353.95	2714128.3	3.31	13.0
well_4675	447353.95	2714128.3	2.21	6.0
well_4675	447353.95	2714128.3	-0.29	10.0
well_4675	447353.95	2714128.3	-0.69	13.0
well_4675	447353.95	2714128.3	-1.79	10.0
well_4675	447353.95	2714128.3	-6.99	27.0
well_4675	447353.95	2714128.3	-16.69	37.0
well_4675	447353.95	2714128.3	-18.09	38.0
well_4675	447353.95	2714128.3	-25.99	38.0
well_4676	447362.93	2714127.83	7.44	2.0
well_4676	447362.93	2714127.83	2.04	6.0
well_4676	447362.93	2714127.83	0.64	10.0
well_4676	447362.93	2714127.83	-7.26	27.0
well_4676	447362.93	2714127.83	-19.06	37.0
well_4676	447362.93	2714127.83	-23.06	38.0
well_4676	447362.93	2714127.83	-30.96	38.0
well_4677	447380.91	2714126.89	7.36	2.0
well_4677	447380.91	2714126.89	2.16	6.0
well_4677	447380.91	2714126.89	-0.24	10.0
well_4677	447380.91	2714126.89	-1.44	13.0
well_4677	447380.91	2714126.89	-2.04	9.0
well_4677	447380.91	2714126.89	-3.74	10.0
well_4677	447380.91	2714126.89	-6.54	27.0
well_4677	447380.91	2714126.89	-16.84	37.0
well_4677	447380.91	2714126.89	-19.64	38.0
well_4677	447380.91	2714126.89	-26.14	38.0
well_4678	447398.88	2714125.95	7.47	2.0
well_4678	447398.88	2714125.95	1.97	13.0
well_4678	447398.88	2714125.95	0.97	6.0
well_4678	447398.88	2714125.95	0.27	10.0
well_4678	447398.88	2714125.95	-1.63	13.0
well_4678	447398.88	2714125.95	-2.33	10.0
well_4678	447398.88	2714125.95	-7.23	27.0
well_4678	447398.88	2714125.95	-18.13	37.0
well_4678	447398.88	2714125.95	-23.23	38.0
well_4678	447398.88	2714125.95	-30.73	38.0
well_4679	447414.46	2714125.13	7.61	2.0
well_4679	447414.46	2714125.13	2.31	13.0
well_4679	447414.46	2714125.13	1.41	6.0
well_4679	447414.46	2714125.13	0.51	10.0
well_4679	447414.46	2714125.13	-0.99	9.0
well_4679	447414.46	2714125.13	-2.59	10.0
well_4679	447414.46	2714125.13	-6.59	27.0
well_4679	447414.46	2714125.13	-20.59	37.0
well_4679	447414.46	2714125.13	-24.69	38.0
well_4679	447414.46	2714125.13	-31.29	38.0
well_4680	447061.2	2714125.62	8.81	2.0
well_4680	447061.2	2714125.62	3.81	6.0
well_4680	447061.2	2714125.62	1.81	10.0
well_4680	447061.2	2714125.62	0.31	13.0
well_4680	447061.2	2714125.62	-1.39	10.0
well_4680	447061.2	2714125.62	-5.39	27.0
well_4680	447061.2	2714125.62	-8.39	38.0
well_4680	447061.2	2714125.62	-9.59	40.0
well_4680	447061.2	2714125.62	-11.89	40.0
well_4681	447227.46	2714122.97	7.74	2.0
well_4681	447227.46	2714122.97	4.64	4.0
well_4681	447227.46	2714122.97	4.14	13.0
well_4681	447227.46	2714122.97	1.44	10.0
well_4681	447227.46	2714122.97	0.34	13.0
well_4681	447227.46	2714122.97	-3.16	10.0
well_4681	447227.46	2714122.97	-6.56	27.0
well_4681	447227.46	2714122.97	-16.36	37.0
well_4681	447227.46	2714122.97	-27.06	38.0
well_4681	447227.46	2714122.97	-28.06	38.0
well_4682	447352.98	2714110.38	7.38	2.0
well_4682	447352.98	2714110.38	3.48	4.0
well_4682	447352.98	2714110.38	2.98	6.0
well_4682	447352.98	2714110.38	0.88	10.0
well_4682	447352.98	2714110.38	-1.12	13.0
well_4682	447352.98	2714110.38	-1.42	9.0
well_4682	447352.98	2714110.38	-1.72	10.0
well_4682	447352.98	2714110.38	-6.72	27.0
well_4682	447352.98	2714110.38	-18.32	37.0
well_4682	447352.98	2714110.38	-23.92	38.0
well_4682	447352.98	2714110.38	-31.92	38.0
well_4683	447362.05	2714111.06	7.55	2.0
well_4683	447362.05	2714111.06	3.75	4.0
well_4683	447362.05	2714111.06	2.85	6.0
well_4683	447362.05	2714111.06	0.75	10.0
well_4683	447362.05	2714111.06	-0.95	13.0
well_4683	447362.05	2714111.06	-1.45	10.0
well_4683	447362.05	2714111.06	-6.55	27.0
well_4683	447362.05	2714111.06	-18.15	37.0
well_4683	447362.05	2714111.06	-23.75	38.0
well_4683	447362.05	2714111.06	-31.55	38.0
well_4684	447380.03	2714110.11	7.65	2.0
well_4684	447380.03	2714110.11	4.05	13.0
well_4684	447380.03	2714110.11	2.65	6.0
well_4684	447380.03	2714110.11	0.95	10.0
well_4684	447380.03	2714110.11	-0.95	9.0
well_4684	447380.03	2714110.11	-1.75	10.0
well_4684	447380.03	2714110.11	-6.35	27.0
well_4684	447380.03	2714110.11	-16.85	37.0
well_4684	447380.03	2714110.11	-19.65	38.0
well_4684	447380.03	2714110.11	-26.65	38.0
well_4685	447398.0	2714109.17	7.74	2.0
well_4685	447398.0	2714109.17	4.54	13.0
well_4685	447398.0	2714109.17	2.64	6.0
well_4685	447398.0	2714109.17	0.44	10.0
well_4685	447398.0	2714109.17	-0.96	13.0
well_4685	447398.0	2714109.17	-1.86	10.0
well_4685	447398.0	2714109.17	-5.86	27.0
well_4685	447398.0	2714109.17	-16.86	37.0
well_4685	447398.0	2714109.17	-21.56	38.0
well_4685	447398.0	2714109.17	-28.56	38.0
well_4686	447413.58	2714108.36	7.61	2.0
well_4686	447413.58	2714108.36	3.21	4.0
well_4686	447413.58	2714108.36	2.71	6.0
well_4686	447413.58	2714108.36	0.81	10.0
well_4686	447413.58	2714108.36	-1.19	13.0
well_4686	447413.58	2714108.36	-1.99	9.0
well_4686	447413.58	2714108.36	-2.49	10.0
well_4686	447413.58	2714108.36	-5.99	27.0
well_4686	447413.58	2714108.36	-16.89	37.0
well_4686	447413.58	2714108.36	-21.49	38.0
well_4686	447413.58	2714108.36	-30.19	38.0
well_4687	447060.06	2714107.66	8.64	2.0
well_4687	447060.06	2714107.66	4.14	4.0
well_4687	447060.06	2714107.66	3.64	6.0
well_4687	447060.06	2714107.66	1.64	10.0
well_4687	447060.06	2714107.66	0.14	13.0
well_4687	447060.06	2714107.66	-1.56	9.0
well_4687	447060.06	2714107.66	-3.76	10.0
well_4687	447060.06	2714107.66	-5.26	37.0
well_4687	447060.06	2714107.66	-8.66	38.0
well_4687	447060.06	2714107.66	-9.76	40.0
well_4687	447060.06	2714107.66	-11.16	40.0
well_4688	447081.93	2714106.54	8.75	2.0
well_4688	447081.93	2714106.54	4.75	4.0
well_4688	447081.93	2714106.54	3.75	6.0
well_4688	447081.93	2714106.54	2.25	10.0
well_4688	447081.93	2714106.54	0.25	13.0
well_4688	447081.93	2714106.54	-1.25	10.0
well_4688	447081.93	2714106.54	-5.55	27.0
well_4688	447081.93	2714106.54	-13.05	37.0
well_4688	447081.93	2714106.54	-15.05	38.0
well_4688	447081.93	2714106.54	-22.95	38.0
well_4689	447099.91	2714105.59	8.61	2.0
well_4689	447099.91	2714105.59	2.81	6.0
well_4689	447099.91	2714105.59	1.91	10.0
well_4689	447099.91	2714105.59	0.61	13.0
well_4689	447099.91	2714105.59	-0.59	10.0
well_4689	447099.91	2714105.59	-6.29	27.0
well_4689	447099.91	2714105.59	-13.09	37.0
well_4689	447099.91	2714105.59	-16.99	38.0
well_4689	447099.91	2714105.59	-24.89	38.0
well_4690	447117.88	2714104.65	8.56	2.0
well_4690	447117.88	2714104.65	4.06	4.0
well_4690	447117.88	2714104.65	3.86	13.0
well_4690	447117.88	2714104.65	3.26	6.0
well_4690	447117.88	2714104.65	0.96	10.0
well_4690	447117.88	2714104.65	-1.24	13.0
well_4690	447117.88	2714104.65	-1.94	10.0
well_4690	447117.88	2714104.65	-5.74	27.0
well_4690	447117.88	2714104.65	-12.24	37.0
well_4690	447117.88	2714104.65	-14.64	38.0
well_4690	447117.88	2714104.65	-20.24	38.0
well_4691	447135.86	2714103.71	8.58	2.0
well_4691	447135.86	2714103.71	5.38	4.0
well_4691	447135.86	2714103.71	4.58	13.0
well_4691	447135.86	2714103.71	3.48	10.0
well_4691	447135.86	2714103.71	0.28	13.0
well_4691	447135.86	2714103.71	-2.12	10.0
well_4691	447135.86	2714103.71	-4.72	27.0
well_4691	447135.86	2714103.71	-9.42	37.0
well_4691	447135.86	2714103.71	-14.52	38.0
well_4691	447135.86	2714103.71	-20.42	38.0
well_4692	447153.83	2714102.77	8.49	2.0
well_4692	447153.83	2714102.77	5.19	4.0
well_4692	447153.83	2714102.77	4.59	13.0
well_4692	447153.83	2714102.77	3.49	6.0
well_4692	447153.83	2714102.77	2.79	10.0
well_4692	447153.83	2714102.77	-1.01	13.0
well_4692	447153.83	2714102.77	-6.41	27.0
well_4692	447153.83	2714102.77	-13.71	37.0
well_4692	447153.83	2714102.77	-15.51	38.0
well_4692	447153.83	2714102.77	-22.01	38.0
well_4693	447171.81	2714101.83	8.22	4.0
well_4693	447171.81	2714101.83	3.72	13.0
well_4693	447171.81	2714101.83	3.12	10.0
well_4693	447171.81	2714101.83	2.42	13.0
well_4693	447171.81	2714101.83	1.22	9.0
well_4693	447171.81	2714101.83	-4.38	10.0
well_4693	447171.81	2714101.83	-7.58	27.0
well_4693	447171.81	2714101.83	-13.78	37.0
well_4693	447171.81	2714101.83	-21.08	38.0
well_4693	447171.81	2714101.83	-24.68	38.0
well_4694	447189.79	2714100.88	8.26	2.0
well_4694	447189.79	2714100.88	3.36	13.0
well_4694	447189.79	2714100.88	2.76	10.0
well_4694	447189.79	2714100.88	-1.74	13.0
well_4694	447189.79	2714100.88	-2.84	10.0
well_4694	447189.79	2714100.88	-5.74	27.0
well_4694	447189.79	2714100.88	-13.94	37.0
well_4694	447189.79	2714100.88	-18.54	38.0
well_4694	447189.79	2714100.88	-25.44	38.0
well_4695	447207.76	2714099.94	8.17	2.0
well_4695	447207.76	2714099.94	3.87	4.0
well_4695	447207.76	2714099.94	3.07	10.0
well_4695	447207.76	2714099.94	0.77	13.0
well_4695	447207.76	2714099.94	-2.73	10.0
well_4695	447207.76	2714099.94	-6.13	27.0
well_4695	447207.76	2714099.94	-11.63	37.0
well_4695	447207.76	2714099.94	-18.43	38.0
well_4695	447207.76	2714099.94	-26.63	38.0
well_4696	447225.74	2714099.0	8.27	2.0
well_4696	447225.74	2714099.0	4.27	4.0
well_4696	447225.74	2714099.0	3.57	10.0
well_4696	447225.74	2714099.0	0.57	13.0
well_4696	447225.74	2714099.0	-2.73	10.0
well_4696	447225.74	2714099.0	-6.43	27.0
well_4696	447225.74	2714099.0	-17.03	37.0
well_4696	447225.74	2714099.0	-19.33	38.0
well_4696	447225.74	2714099.0	-24.23	38.0
well_4697	447241.21	2714098.16	8.29	2.0
well_4697	447241.21	2714098.16	3.49	4.0
well_4697	447241.21	2714098.16	3.19	13.0
well_4697	447241.21	2714098.16	2.29	10.0
well_4697	447241.21	2714098.16	0.69	13.0
well_4697	447241.21	2714098.16	-0.31	10.0
well_4697	447241.21	2714098.16	-5.91	27.0
well_4697	447241.21	2714098.16	-16.31	37.0
well_4697	447241.21	2714098.16	-18.11	38.0
well_4697	447241.21	2714098.16	-26.21	38.0
well_4698	447259.19	2714097.22	8.02	2.0
well_4698	447259.19	2714097.22	3.82	4.0
well_4698	447259.19	2714097.22	3.22	6.0
well_4698	447259.19	2714097.22	0.82	10.0
well_4698	447259.19	2714097.22	0.12	13.0
well_4698	447259.19	2714097.22	-1.68	10.0
well_4698	447259.19	2714097.22	-5.78	27.0
well_4698	447259.19	2714097.22	-15.48	37.0
well_4698	447259.19	2714097.22	-17.58	38.0
well_4698	447259.19	2714097.22	-23.38	38.0
well_4699	447277.16	2714096.28	7.89	2.0
well_4699	447277.16	2714096.28	3.29	4.0
well_4699	447277.16	2714096.28	2.79	10.0
well_4699	447277.16	2714096.28	1.69	13.0
well_4699	447277.16	2714096.28	-1.51	10.0
well_4699	447277.16	2714096.28	-6.21	27.0
well_4699	447277.16	2714096.28	-16.91	38.0
well_4699	447277.16	2714096.28	-24.81	38.0
well_4700	447295.14	2714095.34	7.83	2.0
well_4700	447295.14	2714095.34	2.73	4.0
well_4700	447295.14	2714095.34	2.23	6.0
well_4700	447295.14	2714095.34	0.23	13.0
well_4700	447295.14	2714095.34	-1.87	9.0
well_4700	447295.14	2714095.34	-3.67	10.0
well_4700	447295.14	2714095.34	-5.17	27.0
well_4700	447295.14	2714095.34	-14.27	37.0
well_4700	447295.14	2714095.34	-15.07	38.0
well_4700	447295.14	2714095.34	-22.57	38.0
well_4701	447313.11	2714094.4	7.71	2.0
well_4701	447313.11	2714094.4	4.41	4.0
well_4701	447313.11	2714094.4	4.01	13.0
well_4701	447313.11	2714094.4	2.71	6.0
well_4701	447313.11	2714094.4	-0.09	10.0
well_4701	447313.11	2714094.4	-4.39	27.0
well_4701	447313.11	2714094.4	-11.99	37.0
well_4701	447313.11	2714094.4	-13.29	38.0
well_4701	447313.11	2714094.4	-20.69	38.0
well_4702	447331.09	2714093.45	7.51	2.0
well_4702	447331.09	2714093.45	3.91	4.0
well_4702	447331.09	2714093.45	2.71	6.0
well_4702	447331.09	2714093.45	0.11	10.0
well_4702	447331.09	2714093.45	-4.39	27.0
well_4702	447331.09	2714093.45	-11.39	37.0
well_4702	447331.09	2714093.45	-11.99	38.0
well_4702	447331.09	2714093.45	-18.09	38.0
well_4703	447351.56	2714092.41	7.55	2.0
well_4703	447351.56	2714092.41	3.65	4.0
well_4703	447351.56	2714092.41	3.05	6.0
well_4703	447351.56	2714092.41	1.95	10.0
well_4703	447351.56	2714092.41	0.05	13.0
well_4703	447351.56	2714092.41	-1.45	9.0
well_4703	447351.56	2714092.41	-2.15	10.0
well_4703	447351.56	2714092.41	-6.55	27.0
well_4703	447351.56	2714092.41	-18.15	37.0
well_4703	447351.56	2714092.41	-22.65	38.0
well_4703	447351.56	2714092.41	-30.75	38.0
well_4704	447361.17	2714094.28	7.64	2.0
well_4704	447361.17	2714094.28	3.74	13.0
well_4704	447361.17	2714094.28	3.14	6.0
well_4704	447361.17	2714094.28	1.24	10.0
well_4704	447361.17	2714094.28	-0.16	13.0
well_4704	447361.17	2714094.28	-1.46	9.0
well_4704	447361.17	2714094.28	-1.96	10.0
well_4704	447361.17	2714094.28	-6.26	27.0
well_4704	447361.17	2714094.28	-17.86	37.0
well_4704	447361.17	2714094.28	-20.86	38.0
well_4704	447361.17	2714094.28	-28.26	38.0
well_4705	447379.15	2714093.34	7.73	2.0
well_4705	447379.15	2714093.34	3.43	6.0
well_4705	447379.15	2714093.34	0.53	10.0
well_4705	447379.15	2714093.34	-0.07	13.0
well_4705	447379.15	2714093.34	-1.27	9.0
well_4705	447379.15	2714093.34	-1.87	10.0
well_4705	447379.15	2714093.34	-6.27	27.0
well_4705	447379.15	2714093.34	-20.07	37.0
well_4705	447379.15	2714093.34	-24.87	38.0
well_4705	447379.15	2714093.34	-32.07	38.0
well_4706	447397.13	2714092.4	8.08	2.0
well_4706	447397.13	2714092.4	5.78	13.0
well_4706	447397.13	2714092.4	3.98	6.0
well_4706	447397.13	2714092.4	0.78	10.0
well_4706	447397.13	2714092.4	-0.72	13.0
well_4706	447397.13	2714092.4	-1.32	9.0
well_4706	447397.13	2714092.4	-3.42	10.0
well_4706	447397.13	2714092.4	-5.82	27.0
well_4706	447397.13	2714092.4	-15.02	37.0
well_4706	447397.13	2714092.4	-19.22	38.0
well_4706	447397.13	2714092.4	-26.72	38.0
well_4707	447412.7	2714091.58	8.07	2.0
well_4707	447412.7	2714091.58	2.97	6.0
well_4707	447412.7	2714091.58	1.67	10.0
well_4707	447412.7	2714091.58	-0.73	13.0
well_4707	447412.7	2714091.58	-1.23	9.0
well_4707	447412.7	2714091.58	-3.03	10.0
well_4707	447412.7	2714091.58	-5.83	27.0
well_4707	447412.7	2714091.58	-15.63	37.0
well_4707	447412.7	2714091.58	-19.43	38.0
well_4707	447412.7	2714091.58	-26.53	38.0
well_4708	447059.2	2714083.64	9.04	2.0
well_4708	447059.2	2714083.64	4.74	4.0
well_4708	447059.2	2714083.64	4.24	6.0
well_4708	447059.2	2714083.64	2.44	10.0
well_4708	447059.2	2714083.64	1.04	13.0
well_4708	447059.2	2714083.64	-0.56	10.0
well_4708	447059.2	2714083.64	-5.46	27.0
well_4708	447059.2	2714083.64	-6.16	37.0
well_4708	447059.2	2714083.64	-8.16	38.0
well_4708	447059.2	2714083.64	-8.76	40.0
well_4708	447059.2	2714083.64	-10.86	40.0
well_4709	447225.29	2714080.97	8.41	2.0
well_4709	447225.29	2714080.97	2.61	13.0
well_4709	447225.29	2714080.97	-1.89	10.0
well_4709	447225.29	2714080.97	-5.79	27.0
well_4709	447225.29	2714080.97	-12.39	37.0
well_4709	447225.29	2714080.97	-17.49	38.0
well_4709	447225.29	2714080.97	-23.09	38.0
well_4710	447224.43	2714066.03	8.53	2.0
well_4710	447224.43	2714066.03	3.73	4.0
well_4710	447224.43	2714066.03	1.03	13.0
well_4710	447224.43	2714066.03	-2.17	10.0
well_4710	447224.43	2714066.03	-6.07	27.0
well_4710	447224.43	2714066.03	-11.77	37.0
well_4710	447224.43	2714066.03	-14.47	38.0
well_4710	447224.43	2714066.03	-23.07	38.0
well_4711	447351.07	2714074.36	8.04	4.0
well_4711	447351.07	2714074.36	4.44	6.0
well_4711	447351.07	2714074.36	2.94	10.0
well_4711	447351.07	2714074.36	1.54	13.0
well_4711	447351.07	2714074.36	0.04	9.0
well_4711	447351.07	2714074.36	-2.16	10.0
well_4711	447351.07	2714074.36	-5.96	27.0
well_4711	447351.07	2714074.36	-11.66	37.0
well_4711	447351.07	2714074.36	-15.86	38.0
well_4711	447351.07	2714074.36	-23.46	38.0
well_4712	447360.3	2714077.5	7.96	2.0
well_4712	447360.3	2714077.5	3.56	4.0
well_4712	447360.3	2714077.5	2.56	6.0
well_4712	447360.3	2714077.5	1.06	10.0
well_4712	447360.3	2714077.5	-0.04	13.0
well_4712	447360.3	2714077.5	-1.64	10.0
well_4712	447360.3	2714077.5	-6.24	27.0
well_4712	447360.3	2714077.5	-9.94	37.0
well_4712	447360.3	2714077.5	-13.74	38.0
well_4712	447360.3	2714077.5	-20.94	38.0
well_4713	447378.27	2714076.56	7.97	2.0
well_4713	447378.27	2714076.56	3.07	6.0
well_4713	447378.27	2714076.56	1.27	10.0
well_4713	447378.27	2714076.56	-0.93	13.0
well_4713	447378.27	2714076.56	-2.13	10.0
well_4713	447378.27	2714076.56	-6.13	27.0
well_4713	447378.27	2714076.56	-9.53	37.0
well_4713	447378.27	2714076.56	-13.93	38.0
well_4713	447378.27	2714076.56	-20.53	38.0
well_4714	447396.25	2714075.62	7.99	2.0
well_4714	447396.25	2714075.62	3.49	13.0
well_4714	447396.25	2714075.62	1.69	10.0
well_4714	447396.25	2714075.62	1.39	13.0
well_4714	447396.25	2714075.62	-1.21	9.0
well_4714	447396.25	2714075.62	-1.71	10.0
well_4714	447396.25	2714075.62	-5.81	27.0
well_4714	447396.25	2714075.62	-12.11	37.0
well_4714	447396.25	2714075.62	-17.71	38.0
well_4714	447396.25	2714075.62	-24.71	38.0
well_4715	447411.82	2714074.8	7.82	2.0
well_4715	447411.82	2714074.8	1.82	13.0
well_4715	447411.82	2714074.8	0.72	10.0
well_4715	447411.82	2714074.8	-0.68	13.0
well_4715	447411.82	2714074.8	-1.38	9.0
well_4715	447411.82	2714074.8	-1.98	10.0
well_4715	447411.82	2714074.8	-6.08	27.0
well_4715	447411.82	2714074.8	-13.68	37.0
well_4715	447411.82	2714074.8	-17.48	38.0
well_4715	447411.82	2714074.8	-24.98	38.0
well_4716	447293.25	2714059.36	7.75	2.0
well_4716	447293.25	2714059.36	1.35	4.0
well_4716	447293.25	2714059.36	0.95	6.0
well_4716	447293.25	2714059.36	-0.15	13.0
well_4716	447293.25	2714059.36	-1.05	10.0
well_4716	447293.25	2714059.36	-6.15	27.0
well_4716	447293.25	2714059.36	-11.75	38.0
well_4716	447293.25	2714059.36	-18.45	38.0
well_4717	447311.23	2714058.42	7.76	2.0
well_4717	447311.23	2714058.42	1.56	4.0
well_4717	447311.23	2714058.42	1.16	10.0
well_4717	447311.23	2714058.42	-0.84	13.0
well_4717	447311.23	2714058.42	-1.64	10.0
well_4717	447311.23	2714058.42	-5.94	27.0
well_4717	447311.23	2714058.42	-11.34	38.0
well_4717	447311.23	2714058.42	-19.84	38.0
well_4718	447329.2	2714057.48	7.97	2.0
well_4718	447329.2	2714057.48	2.37	10.0
well_4718	447329.2	2714057.48	0.47	13.0
well_4718	447329.2	2714057.48	-5.93	27.0
well_4718	447329.2	2714057.48	-11.33	38.0
well_4718	447329.2	2714057.48	-18.43	38.0
well_4719	447350.18	2714056.38	8.17	2.0
well_4719	447350.18	2714056.38	2.77	6.0
well_4719	447350.18	2714056.38	0.77	13.0
well_4719	447350.18	2714056.38	-1.83	10.0
well_4719	447350.18	2714056.38	-6.33	27.0
well_4719	447350.18	2714056.38	-11.03	37.0
well_4719	447350.18	2714056.38	-13.83	38.0
well_4719	447350.18	2714056.38	-21.33	38.0
well_4720	447359.52	2714060.83	8.26	2.0
well_4720	447359.52	2714060.83	3.16	6.0
well_4720	447359.52	2714060.83	1.76	10.0
well_4720	447359.52	2714060.83	0.36	13.0
well_4720	447359.52	2714060.83	-1.54	10.0
well_4720	447359.52	2714060.83	-5.74	27.0
well_4720	447359.52	2714060.83	-9.34	37.0
well_4720	447359.52	2714060.83	-13.04	38.0
well_4720	447359.52	2714060.83	-20.64	38.0
well_4721	447377.39	2714059.78	8.09	2.0
well_4721	447377.39	2714059.78	3.49	4.0
well_4721	447377.39	2714059.78	2.69	6.0
well_4721	447377.39	2714059.78	1.79	13.0
well_4721	447377.39	2714059.78	-1.51	10.0
well_4721	447377.39	2714059.78	-5.81	27.0
well_4721	447377.39	2714059.78	-9.61	37.0
well_4721	447377.39	2714059.78	-13.51	38.0
well_4721	447377.39	2714059.78	-21.41	38.0
well_4722	447395.37	2714058.84	7.92	2.0
well_4722	447395.37	2714058.84	3.12	13.0
well_4722	447395.37	2714058.84	2.22	6.0
well_4722	447395.37	2714058.84	1.42	10.0
well_4722	447395.37	2714058.84	-0.68	13.0
well_4722	447395.37	2714058.84	-2.48	10.0
well_4722	447395.37	2714058.84	-6.18	27.0
well_4722	447395.37	2714058.84	-11.08	37.0
well_4722	447395.37	2714058.84	-14.18	38.0
well_4722	447395.37	2714058.84	-23.08	38.0
well_4723	447410.95	2714058.03	7.65	2.0
well_4723	447410.95	2714058.03	2.15	13.0
well_4723	447410.95	2714058.03	0.75	10.0
well_4723	447410.95	2714058.03	-1.15	13.0
well_4723	447410.95	2714058.03	-2.85	10.0
well_4723	447410.95	2714058.03	-6.65	27.0
well_4723	447410.95	2714058.03	-11.95	37.0
well_4723	447410.95	2714058.03	-20.45	38.0
well_4723	447410.95	2714058.03	-25.65	38.0
well_4724	447058.05	2714059.65	9.55	2.0
well_4724	447058.05	2714059.65	3.05	10.0
well_4724	447058.05	2714059.65	-0.85	13.0
well_4724	447058.05	2714059.65	-2.55	10.0
well_4724	447058.05	2714059.65	-5.85	27.0
well_4724	447058.05	2714059.65	-10.45	37.0
well_4724	447058.05	2714059.65	-14.35	38.0
well_4724	447058.05	2714059.65	-21.45	38.0
well_4725	447079.92	2714058.53	9.36	2.0
well_4725	447079.92	2714058.53	2.26	6.0
well_4725	447079.92	2714058.53	-0.04	13.0
well_4725	447079.92	2714058.53	-1.64	10.0
well_4725	447079.92	2714058.53	-5.24	27.0
well_4725	447079.92	2714058.53	-10.14	37.0
well_4725	447079.92	2714058.53	-14.04	38.0
well_4725	447079.92	2714058.53	-19.94	38.0
well_4726	447097.89	2714057.58	9.58	2.0
well_4726	447097.89	2714057.58	3.68	10.0
well_4726	447097.89	2714057.58	1.28	13.0
well_4726	447097.89	2714057.58	-2.22	10.0
well_4726	447097.89	2714057.58	-5.42	27.0
well_4726	447097.89	2714057.58	-10.32	37.0
well_4726	447097.89	2714057.58	-14.12	38.0
well_4726	447097.89	2714057.58	-21.42	38.0
well_4727	447115.87	2714056.64	9.61	2.0
well_4727	447115.87	2714056.64	4.11	10.0
well_4727	447115.87	2714056.64	0.11	13.0
well_4727	447115.87	2714056.64	-4.49	10.0
well_4727	447115.87	2714056.64	-5.29	27.0
well_4727	447115.87	2714056.64	-9.69	37.0
well_4727	447115.87	2714056.64	-13.39	38.0
well_4727	447115.87	2714056.64	-19.19	38.0
well_4728	447133.84	2714055.7	9.33	2.0
well_4728	447133.84	2714055.7	5.63	13.0
well_4728	447133.84	2714055.7	4.53	10.0
well_4728	447133.84	2714055.7	2.13	13.0
well_4728	447133.84	2714055.7	-0.87	10.0
well_4728	447133.84	2714055.7	-5.67	27.0
well_4728	447133.84	2714055.7	-8.57	37.0
well_4728	447133.84	2714055.7	-14.37	38.0
well_4728	447133.84	2714055.7	-21.67	38.0
well_4729	447151.82	2714054.76	9.32	2.0
well_4729	447151.82	2714054.76	4.12	4.0
well_4729	447151.82	2714054.76	3.42	10.0
well_4729	447151.82	2714054.76	-1.48	13.0
well_4729	447151.82	2714054.76	-3.68	10.0
well_4729	447151.82	2714054.76	-5.38	27.0
well_4729	447151.82	2714054.76	-9.58	37.0
well_4729	447151.82	2714054.76	-13.38	38.0
well_4729	447151.82	2714054.76	-18.68	38.0
well_4730	447169.79	2714053.82	8.95	2.0
well_4730	447169.79	2714053.82	3.05	10.0
well_4730	447169.79	2714053.82	0.45	13.0
well_4730	447169.79	2714053.82	-1.05	10.0
well_4730	447169.79	2714053.82	-5.35	27.0
well_4730	447169.79	2714053.82	-9.95	37.0
well_4730	447169.79	2714053.82	-13.85	38.0
well_4730	447169.79	2714053.82	-19.65	38.0
well_4731	447205.75	2714051.93	8.95	2.0
well_4731	447205.75	2714051.93	3.15	13.0
well_4731	447205.75	2714051.93	-1.75	10.0
well_4731	447205.75	2714051.93	-5.25	27.0
well_4731	447205.75	2714051.93	-12.15	37.0
well_4731	447205.75	2714051.93	-13.85	38.0
well_4731	447205.75	2714051.93	-21.25	38.0
well_4732	447223.72	2714050.99	8.78	2.0
well_4732	447223.72	2714050.99	1.88	13.0
well_4732	447223.72	2714050.99	-1.22	10.0
well_4732	447223.72	2714050.99	-5.32	27.0
well_4732	447223.72	2714050.99	-11.62	37.0
well_4732	447223.72	2714050.99	-12.52	38.0
well_4732	447223.72	2714050.99	-15.02	40.0
well_4732	447223.72	2714050.99	-16.82	40.0
well_4733	447238.7	2714050.23	8.61	2.0
well_4733	447238.7	2714050.23	1.31	13.0
well_4733	447238.7	2714050.23	-2.59	10.0
well_4733	447238.7	2714050.23	-5.59	27.0
well_4733	447238.7	2714050.23	-8.99	37.0
well_4733	447238.7	2714050.23	-10.89	40.0
well_4733	447238.7	2714050.23	-14.89	40.0
well_4734	447256.68	2714049.26	8.36	2.0
well_4734	447256.68	2714049.26	0.36	10.0
well_4734	447256.68	2714049.26	-6.34	27.0
well_4734	447256.68	2714049.26	-9.84	40.0
well_4734	447256.68	2714049.26	-14.84	40.0
well_4735	447274.65	2714048.34	8.45	2.0
well_4735	447274.65	2714048.34	1.35	10.0
well_4735	447274.65	2714048.34	0.25	9.0
well_4735	447274.65	2714048.34	-1.15	10.0
well_4735	447274.65	2714048.34	-6.05	27.0
well_4735	447274.65	2714048.34	-9.55	38.0
well_4735	447274.65	2714048.34	-11.75	40.0
well_4735	447274.65	2714048.34	-14.45	40.0
well_4736	447292.63	2714047.38	8.08	2.0
well_4736	447292.63	2714047.38	1.48	10.0
well_4736	447292.63	2714047.38	0.38	13.0
well_4736	447292.63	2714047.38	-2.12	10.0
well_4736	447292.63	2714047.38	-5.92	27.0
well_4736	447292.63	2714047.38	-14.02	37.0
well_4736	447292.63	2714047.38	-17.92	38.0
well_4736	447292.63	2714047.38	-19.62	40.0
well_4736	447292.63	2714047.38	-22.02	40.0
well_4737	447310.6	2714046.44	8.16	2.0
well_4737	447310.6	2714046.44	1.66	10.0
well_4737	447310.6	2714046.44	-0.04	13.0
well_4737	447310.6	2714046.44	-1.14	10.0
well_4737	447310.6	2714046.44	-6.04	27.0
well_4737	447310.6	2714046.44	-11.34	37.0
well_4737	447310.6	2714046.44	-14.34	38.0
well_4737	447310.6	2714046.44	-19.44	38.0
well_4738	447328.58	2714045.49	8.44	2.0
well_4738	447328.58	2714045.49	2.74	13.0
well_4738	447328.58	2714045.49	0.64	6.0
well_4738	447328.58	2714045.49	-1.56	10.0
well_4738	447328.58	2714045.49	-2.06	13.0
well_4738	447328.58	2714045.49	-3.76	10.0
well_4738	447328.58	2714045.49	-5.86	27.0
well_4738	447328.58	2714045.49	-10.66	37.0
well_4738	447328.58	2714045.49	-12.46	38.0
well_4738	447328.58	2714045.49	-16.96	38.0
well_4739	447349.55	2714044.39	8.18	2.0
well_4739	447349.55	2714044.39	2.88	6.0
well_4739	447349.55	2714044.39	0.78	13.0
well_4739	447349.55	2714044.39	-2.12	10.0
well_4739	447349.55	2714044.39	-6.12	27.0
well_4739	447349.55	2714044.39	-11.52	37.0
well_4739	447349.55	2714044.39	-14.52	38.0
well_4739	447349.55	2714044.39	-22.32	38.0
well_4740	447260.11	2714229.35	6.69	2.0
well_4740	447260.11	2714229.35	3.29	6.0
well_4740	447260.11	2714229.35	0.39	10.0
well_4740	447260.11	2714229.35	-1.71	9.0
well_4740	447260.11	2714229.35	-2.21	10.0
well_4740	447260.11	2714229.35	-5.41	27.0
well_4740	447260.11	2714229.35	-6.51	27.0
well_4741	447278.08	2714228.41	6.68	2.0
well_4741	447278.08	2714228.41	1.78	6.0
well_4741	447278.08	2714228.41	0.78	10.0
well_4741	447278.08	2714228.41	-0.92	9.0
well_4741	447278.08	2714228.41	-2.42	10.0
well_4741	447278.08	2714228.41	-6.12	27.0
well_4741	447278.08	2714228.41	-6.82	27.0
well_4742	447296.06	2714227.47	6.59	2.0
well_4742	447296.06	2714227.47	4.19	13.0
well_4742	447296.06	2714227.47	2.39	6.0
well_4742	447296.06	2714227.47	0.29	10.0
well_4742	447296.06	2714227.47	-1.51	9.0
well_4742	447296.06	2714227.47	-3.01	10.0
well_4742	447296.06	2714227.47	-6.01	27.0
well_4742	447296.06	2714227.47	-7.01	27.0
well_4743	447314.03	2714226.53	6.53	2.0
well_4743	447314.03	2714226.53	1.03	6.0
well_4743	447314.03	2714226.53	-1.67	10.0
well_4743	447314.03	2714226.53	-6.07	27.0
well_4743	447314.03	2714226.53	-6.57	27.0
well_4744	447332.01	2714225.59	6.48	2.0
well_4744	447332.01	2714225.59	0.68	6.0
well_4744	447332.01	2714225.59	0.08	10.0
well_4744	447332.01	2714225.59	-1.22	9.0
well_4744	447332.01	2714225.59	-6.72	10.0
well_4744	447332.01	2714225.59	-7.32	10.0
well_4745	447385.93	2714222.76	6.57	2.0
well_4745	447385.93	2714222.76	3.87	13.0
well_4745	447385.93	2714222.76	1.87	6.0
well_4745	447385.93	2714222.76	-0.53	10.0
well_4745	447385.93	2714222.76	-1.93	9.0
well_4745	447385.93	2714222.76	-2.73	10.0
well_4745	447385.93	2714222.76	-6.83	27.0
well_4745	447385.93	2714222.76	-9.73	27.0
well_4746	447258.95	2714207.38	6.94	2.0
well_4746	447258.95	2714207.38	4.24	4.0
well_4746	447258.95	2714207.38	3.74	6.0
well_4746	447258.95	2714207.38	1.14	10.0
well_4746	447258.95	2714207.38	-6.21	10.0
well_4747	447276.93	2714206.44	6.67	2.0
well_4747	447276.93	2714206.44	2.57	6.0
well_4747	447276.93	2714206.44	0.37	10.0
well_4747	447276.93	2714206.44	-6.28	10.0
well_4748	447294.9	2714205.5	6.78	2.0
well_4748	447294.9	2714205.5	2.78	4.0
well_4748	447294.9	2714205.5	2.38	6.0
well_4748	447294.9	2714205.5	0.68	10.0
well_4748	447294.9	2714205.5	-5.42	10.0
well_4749	447312.78	2714204.56	6.72	2.0
well_4749	447312.78	2714204.56	5.02	4.0
well_4749	447312.78	2714204.56	4.62	13.0
well_4749	447312.78	2714204.56	3.52	6.0
well_4749	447312.78	2714204.56	0.62	10.0
well_4749	447312.78	2714204.56	-5.93	10.0
well_4750	447330.73	2714203.59	6.69	2.0
well_4750	447330.73	2714203.59	4.39	4.0
well_4750	447330.73	2714203.59	3.39	6.0
well_4750	447330.73	2714203.59	0.89	10.0
well_4750	447330.73	2714203.59	-6.01	10.0
well_4751	447348.73	2714202.68	6.39	2.0
well_4751	447348.73	2714202.68	2.69	6.0
well_4751	447348.73	2714202.68	-0.41	10.0
well_4751	447348.73	2714202.68	-2.01	9.0
well_4751	447348.73	2714202.68	-3.01	10.0
well_4751	447348.73	2714202.68	-6.01	27.0
well_4751	447348.73	2714202.68	-8.91	27.0
well_4752	447384.68	2714200.8	6.79	2.0
well_4752	447384.68	2714200.8	4.79	13.0
well_4752	447384.68	2714200.8	2.09	6.0
well_4752	447384.68	2714200.8	0.19	10.0
well_4752	447384.68	2714200.8	-1.51	9.0
well_4752	447384.68	2714200.8	-2.31	10.0
well_4752	447384.68	2714200.8	-5.21	10.0
well_4753	447431.2	2714157.9	7.15	2.0
well_4753	447431.2	2714157.9	4.45	13.0
well_4753	447431.2	2714157.9	1.95	6.0
well_4753	447431.2	2714157.9	-0.65	10.0
well_4753	447431.2	2714157.9	-7.05	10.0
well_4754	447430.33	2714141.32	7.36	2.0
well_4754	447430.33	2714141.32	3.16	13.0
well_4754	447430.33	2714141.32	1.06	6.0
well_4754	447430.33	2714141.32	-0.84	10.0
well_4754	447430.33	2714141.32	-1.44	9.0
well_4754	447430.33	2714141.32	-2.04	10.0
well_4754	447430.33	2714141.32	-6.94	10.0
well_4755	447429.44	2714124.35	7.48	2.0
well_4755	447429.44	2714124.35	2.28	13.0
well_4755	447429.44	2714124.35	1.48	6.0
well_4755	447429.44	2714124.35	0.98	10.0
well_4755	447429.44	2714124.35	-5.12	10.0
well_4756	447083.35	2714124.51	8.58	2.0
well_4756	447083.35	2714124.51	3.98	6.0
well_4756	447083.35	2714124.51	1.78	10.0
well_4756	447083.35	2714124.51	0.38	13.0
well_4756	447083.35	2714124.51	-2.02	10.0
well_4756	447083.35	2714124.51	-4.02	10.0
well_4757	447101.32	2714123.57	8.34	2.0
well_4757	447101.32	2714123.57	3.14	6.0
well_4757	447101.32	2714123.57	1.84	10.0
well_4757	447101.32	2714123.57	0.24	13.0
well_4757	447101.32	2714123.57	-3.16	10.0
well_4757	447101.32	2714123.57	-6.01	10.0
well_4758	447119.3	2714122.63	8.49	2.0
well_4758	447119.3	2714122.63	4.69	6.0
well_4758	447119.3	2714122.63	2.19	10.0
well_4758	447119.3	2714122.63	0.49	13.0
well_4758	447119.3	2714122.63	-0.01	10.0
well_4758	447119.3	2714122.63	-4.06	10.0
well_4759	447137.27	2714121.69	8.25	2.0
well_4759	447137.27	2714121.69	4.05	6.0
well_4759	447137.27	2714121.69	2.15	10.0
well_4759	447137.27	2714121.69	-0.15	13.0
well_4759	447137.27	2714121.69	-1.15	10.0
well_4759	447137.27	2714121.69	-5.9	10.0
well_4760	447155.25	2714120.74	8.05	2.0
well_4760	447155.25	2714120.74	3.95	4.0
well_4760	447155.25	2714120.74	3.55	6.0
well_4760	447155.25	2714120.74	1.75	10.0
well_4760	447155.25	2714120.74	-0.25	13.0
well_4760	447155.25	2714120.74	-2.05	9.0
well_4760	447155.25	2714120.74	-5.8	9.0
well_4761	447173.22	2714119.8	7.98	2.0
well_4761	447173.22	2714119.8	4.08	4.0
well_4761	447173.22	2714119.8	3.58	6.0
well_4761	447173.22	2714119.8	2.38	10.0
well_4761	447173.22	2714119.8	-1.12	9.0
well_4761	447173.22	2714119.8	-2.42	10.0
well_4761	447173.22	2714119.8	-5.57	10.0
well_4762	447191.2	2714118.86	7.92	2.0
well_4762	447191.2	2714118.86	4.52	4.0
well_4762	447191.2	2714118.86	3.92	13.0
well_4762	447191.2	2714118.86	2.62	6.0
well_4762	447191.2	2714118.86	1.82	10.0
well_4762	447191.2	2714118.86	0.12	13.0
well_4762	447191.2	2714118.86	-2.28	9.0
well_4762	447191.2	2714118.86	-3.78	10.0
well_4762	447191.2	2714118.86	-5.63	10.0
well_4763	447209.17	2714117.92	7.93	2.0
well_4763	447209.17	2714117.92	4.63	4.0
well_4763	447209.17	2714117.92	3.53	13.0
well_4763	447209.17	2714117.92	1.73	6.0
well_4763	447209.17	2714117.92	0.73	10.0
well_4763	447209.17	2714117.92	-0.07	13.0
well_4763	447209.17	2714117.92	-1.67	10.0
well_4763	447209.17	2714117.92	-6.27	27.0
well_4763	447209.17	2714117.92	-12.57	37.0
well_4763	447209.17	2714117.92	-13.47	37.0
well_4764	447242.16	2714116.14	7.62	2.0
well_4764	447242.16	2714116.14	5.02	4.0
well_4764	447242.16	2714116.14	4.52	13.0
well_4764	447242.16	2714116.14	2.02	6.0
well_4764	447242.16	2714116.14	0.92	10.0
well_4764	447242.16	2714116.14	0.32	13.0
well_4764	447242.16	2714116.14	-1.78	10.0
well_4764	447242.16	2714116.14	-6.68	27.0
well_4764	447242.16	2714116.14	-11.73	27.0
well_4765	447260.13	2714115.2	7.77	2.0
well_4765	447260.13	2714115.2	2.87	4.0
well_4765	447260.13	2714115.2	2.47	6.0
well_4765	447260.13	2714115.2	0.07	10.0
well_4765	447260.13	2714115.2	-0.43	13.0
well_4765	447260.13	2714115.2	-1.53	10.0
well_4765	447260.13	2714115.2	-5.43	10.0
well_4766	447278.11	2714114.25	7.96	2.0
well_4766	447278.11	2714114.25	2.86	4.0
well_4766	447278.11	2714114.25	2.36	10.0
well_4766	447278.11	2714114.25	0.66	13.0
well_4766	447278.11	2714114.25	-1.34	10.0
well_4766	447278.11	2714114.25	-6.84	27.0
well_4766	447278.11	2714114.25	-12.24	27.0
well_4767	447296.05	2714113.36	7.75	2.0
well_4767	447296.05	2714113.36	4.05	6.0
well_4767	447296.05	2714113.36	3.15	10.0
well_4767	447296.05	2714113.36	-0.05	13.0
well_4767	447296.05	2714113.36	-1.55	10.0
well_4767	447296.05	2714113.36	-5.85	10.0
well_4768	447314.06	2714112.37	7.69	2.0
well_4768	447314.06	2714112.37	3.89	6.0
well_4768	447314.06	2714112.37	2.49	10.0
well_4768	447314.06	2714112.37	0.89	13.0
well_4768	447314.06	2714112.37	-0.91	9.0
well_4768	447314.06	2714112.37	-3.51	10.0
well_4768	447314.06	2714112.37	-5.51	10.0
well_4769	447332.03	2714111.43	7.36	2.0
well_4769	447332.03	2714111.43	3.26	4.0
well_4769	447332.03	2714111.43	2.86	6.0
well_4769	447332.03	2714111.43	0.46	10.0
well_4769	447332.03	2714111.43	-1.54	9.0
well_4769	447332.03	2714111.43	-2.44	10.0
well_4769	447332.03	2714111.43	-5.74	10.0
well_4770	447428.56	2714107.57	7.65	2.0
well_4770	447428.56	2714107.57	2.35	6.0
well_4770	447428.56	2714107.57	0.45	10.0
well_4770	447428.56	2714107.57	-0.85	13.0
well_4770	447428.56	2714107.57	-1.45	9.0
well_4770	447428.56	2714107.57	-1.95	10.0
well_4770	447428.56	2714107.57	-6.15	10.0
well_4771	447427.68	2714090.79	7.73	2.0
well_4771	447427.68	2714090.79	2.33	6.0
well_4771	447427.68	2714090.79	0.73	10.0
well_4771	447427.68	2714090.79	-0.57	13.0
well_4771	447427.68	2714090.79	-1.37	9.0
well_4771	447427.68	2714090.79	-2.07	10.0
well_4771	447427.68	2714090.79	-5.77	10.0
well_4772	447081.08	2714082.52	8.96	2.0
well_4772	447081.08	2714082.52	4.46	4.0
well_4772	447081.08	2714082.52	3.86	6.0
well_4772	447081.08	2714082.52	1.36	13.0
well_4772	447081.08	2714082.52	-1.64	10.0
well_4772	447081.08	2714082.52	-4.04	10.0
well_4773	447099.05	2714081.58	9.07	2.0
well_4773	447099.05	2714081.58	5.27	4.0
well_4773	447099.05	2714081.58	4.57	13.0
well_4773	447099.05	2714081.58	3.97	10.0
well_4773	447099.05	2714081.58	0.77	13.0
well_4773	447099.05	2714081.58	-1.83	10.0
well_4773	447099.05	2714081.58	-4.43	10.0
well_4774	447117.03	2714080.64	9.02	2.0
well_4774	447117.03	2714080.64	5.92	4.0
well_4774	447117.03	2714080.64	5.12	13.0
well_4774	447117.03	2714080.64	3.72	10.0
well_4774	447117.03	2714080.64	1.52	13.0
well_4774	447117.03	2714080.64	-2.88	10.0
well_4774	447117.03	2714080.64	-3.98	10.0
well_4775	447135.0	2714079.7	8.76	2.0
well_4775	447135.0	2714079.7	5.06	4.0
well_4775	447135.0	2714079.7	4.26	10.0
well_4775	447135.0	2714079.7	-1.24	13.0
well_4775	447135.0	2714079.7	-4.59	13.0
well_4776	447152.98	2714078.75	8.72	2.0
well_4776	447152.98	2714078.75	4.72	4.0
well_4776	447152.98	2714078.75	4.22	13.0
well_4776	447152.98	2714078.75	3.62	10.0
well_4776	447152.98	2714078.75	-1.88	13.0
well_4776	447152.98	2714078.75	-5.38	13.0
well_4777	447170.95	2714077.81	8.77	2.0
well_4777	447170.95	2714077.81	4.67	4.0
well_4777	447170.95	2714077.81	3.87	13.0
well_4777	447170.95	2714077.81	2.97	10.0
well_4777	447170.95	2714077.81	-1.73	13.0
well_4777	447170.95	2714077.81	-5.73	13.0
well_4778	447188.93	2714076.87	8.89	2.0
well_4778	447188.93	2714076.87	4.29	13.0
well_4778	447188.93	2714076.87	2.59	10.0
well_4778	447188.93	2714076.87	0.39	13.0
well_4778	447188.93	2714076.87	-2.81	10.0
well_4778	447188.93	2714076.87	-4.71	10.0
well_4779	447206.9	2714075.93	8.67	2.0
well_4779	447206.9	2714075.93	3.67	13.0
well_4779	447206.9	2714075.93	-1.73	10.0
well_4779	447206.9	2714075.93	-4.18	10.0
well_4780	447239.91	2714074.17	8.41	2.0
well_4780	447239.91	2714074.17	1.81	4.0
well_4780	447239.91	2714074.17	1.11	13.0
well_4780	447239.91	2714074.17	-1.79	10.0
well_4780	447239.91	2714074.17	-5.39	10.0
well_4781	447257.88	2714073.23	8.13	2.0
well_4781	447257.88	2714073.23	3.03	4.0
well_4781	447257.88	2714073.23	2.53	6.0
well_4781	447257.88	2714073.23	0.53	13.0
well_4781	447257.88	2714073.23	-1.67	10.0
well_4781	447257.88	2714073.23	-4.97	10.0
well_4782	447275.86	2714072.29	7.97	2.0
well_4782	447275.86	2714072.29	1.67	4.0
well_4782	447275.86	2714072.29	1.27	6.0
well_4782	447275.86	2714072.29	0.57	13.0
well_4782	447275.86	2714072.29	-0.93	10.0
well_4782	447275.86	2714072.29	-4.93	10.0
well_4783	447294.15	2714077.34	7.77	2.0
well_4783	447294.15	2714077.34	1.67	6.0
well_4783	447294.15	2714077.34	1.27	10.0
well_4783	447294.15	2714077.34	0.17	13.0
well_4783	447294.15	2714077.34	-1.93	10.0
well_4783	447294.15	2714077.34	-5.73	10.0
well_4784	447312.12	2714076.4	7.86	2.0
well_4784	447312.12	2714076.4	0.06	6.0
well_4784	447312.12	2714076.4	-0.54	13.0
well_4784	447312.12	2714076.4	-1.74	10.0
well_4784	447312.12	2714076.4	-5.34	10.0
well_4785	447330.1	2714075.46	7.89	2.0
well_4785	447330.1	2714075.46	3.49	4.0
well_4785	447330.1	2714075.46	3.19	13.0
well_4785	447330.1	2714075.46	1.69	10.0
well_4785	447330.1	2714075.46	-1.01	13.0
well_4785	447330.1	2714075.46	-5.41	13.0
well_4786	447426.8	2714074.02	7.83	2.0
well_4786	447426.8	2714074.02	2.53	6.0
well_4786	447426.8	2714074.02	1.73	10.0
well_4786	447426.8	2714074.02	-0.67	13.0
well_4786	447426.8	2714074.02	-1.37	9.0
well_4786	447426.8	2714074.02	-1.97	10.0
well_4786	447426.8	2714074.02	-4.97	10.0
well_4787	447425.92	2714057.24	7.87	2.0
well_4787	447425.92	2714057.24	2.07	6.0
well_4787	447425.92	2714057.24	0.77	10.0
well_4787	447425.92	2714057.24	-0.43	13.0
well_4787	447425.92	2714057.24	-2.53	10.0
well_4787	447425.92	2714057.24	-5.03	10.0
well_4788	447358.74	2714045.85	8.26	2.0
well_4788	447358.74	2714045.85	3.26	4.0
well_4788	447358.74	2714045.85	2.76	6.0
well_4788	447358.74	2714045.85	0.96	13.0
well_4788	447358.74	2714045.85	-2.14	10.0
well_4788	447358.74	2714045.85	-3.54	10.0
well_4789	447376.61	2714044.8	8.27	2.0
well_4789	447376.61	2714044.8	3.27	4.0
well_4789	447376.61	2714044.8	2.67	6.0
well_4789	447376.61	2714044.8	0.77	13.0
well_4789	447376.61	2714044.8	-2.73	10.0
well_4789	447376.61	2714044.8	-5.23	10.0
well_4790	447394.58	2714043.86	8.25	2.0
well_4790	447394.58	2714043.86	3.35	13.0
well_4790	447394.58	2714043.86	2.75	10.0
well_4790	447394.58	2714043.86	0.35	13.0
well_4790	447394.58	2714043.86	-2.05	10.0
well_4790	447394.58	2714043.86	-5.55	10.0
well_4791	447410.16	2714043.05	8.08	2.0
well_4791	447410.16	2714043.05	3.28	4.0
well_4791	447410.16	2714043.05	2.38	13.0
well_4791	447410.16	2714043.05	0.58	10.0
well_4791	447410.16	2714043.05	-0.32	13.0
well_4791	447410.16	2714043.05	-2.42	10.0
well_4791	447410.16	2714043.05	-4.72	10.0
well_4792	447048.65	2714264.47	9.44	2.0
well_4792	447048.65	2714264.47	7.94	13.0
well_4792	447048.65	2714264.47	4.04	10.0
well_4792	447048.65	2714264.47	2.34	9.0
well_4792	447048.65	2714264.47	0.64	10.0
well_4792	447048.65	2714264.47	-3.96	10.0
well_4793	447047.4	2714240.5	8.03	2.0
well_4793	447047.4	2714240.5	4.63	13.0
well_4793	447047.4	2714240.5	1.93	10.0
well_4793	447047.4	2714240.5	-5.67	27.0
well_4793	447047.4	2714240.5	-8.32	27.0
well_4794	447046.15	2714218.54	9.85	2.0
well_4794	447046.15	2714218.54	7.25	13.0
well_4794	447046.15	2714218.54	2.65	10.0
well_4794	447046.15	2714218.54	1.05	9.0
well_4794	447046.15	2714218.54	-0.25	10.0
well_4794	447046.15	2714218.54	-2.9	10.0
well_4795	447045.2	2714198.56	8.21	2.0
well_4795	447045.2	2714198.56	4.91	13.0
well_4795	447045.2	2714198.56	2.31	10.0
well_4795	447045.2	2714198.56	0.41	9.0
well_4795	447045.2	2714198.56	-0.59	10.0
well_4795	447045.2	2714198.56	-4.64	10.0
well_4796	447043.94	2714174.59	8.29	2.0
well_4796	447043.94	2714174.59	3.79	13.0
well_4796	447043.94	2714174.59	0.89	10.0
well_4796	447043.94	2714174.59	-3.21	13.0
well_4796	447043.94	2714174.59	-4.81	10.0
well_4796	447043.94	2714174.59	-6.51	10.0
well_4797	447043.16	2714159.61	8.61	2.0
well_4797	447043.16	2714159.61	5.71	13.0
well_4797	447043.16	2714159.61	2.21	10.0
well_4797	447043.16	2714159.61	-4.19	13.0
well_4797	447043.16	2714159.61	-5.89	13.0
well_4798	447042.37	2714144.63	8.78	2.0
well_4798	447042.37	2714144.63	3.78	6.0
well_4798	447042.37	2714144.63	2.78	10.0
well_4798	447042.37	2714144.63	0.18	13.0
well_4798	447042.37	2714144.63	-1.32	10.0
well_4798	447042.37	2714144.63	-4.07	10.0
well_4799	447041.23	2714126.67	8.68	2.0
well_4799	447041.23	2714126.67	3.68	13.0
well_4799	447041.23	2714126.67	2.98	10.0
well_4799	447041.23	2714126.67	-0.02	13.0
well_4799	447041.23	2714126.67	-1.12	10.0
well_4799	447041.23	2714126.67	-5.97	10.0
well_4800	447040.09	2714108.7	8.81	2.0
well_4800	447040.09	2714108.7	2.71	10.0
well_4800	447040.09	2714108.7	0.61	13.0
well_4800	447040.09	2714108.7	-1.49	10.0
well_4800	447040.09	2714108.7	-3.89	10.0
well_4801	447039.23	2714084.69	8.93	2.0
well_4801	447039.23	2714084.69	4.63	4.0
well_4801	447039.23	2714084.69	4.13	13.0
well_4801	447039.23	2714084.69	2.63	10.0
well_4801	447039.23	2714084.69	0.33	13.0
well_4801	447039.23	2714084.69	-1.67	9.0
well_4801	447039.23	2714084.69	-5.57	9.0
well_4802	447038.07	2714060.69	9.25	2.0
well_4802	447038.07	2714060.69	-0.95	13.0
well_4802	447038.07	2714060.69	-2.65	9.0
well_4802	447038.07	2714060.69	-3.95	10.0
well_4802	447038.07	2714060.69	-5.85	27.0
well_4802	447038.07	2714060.69	-12.75	37.0
well_4802	447038.07	2714060.69	-14.05	38.0
well_4802	447038.07	2714060.69	-20.05	38.0
